 T, h at the stagnation point 
 1.65580000e+03 5.03169308e+06 
 1.73317689e+03 5.15679488e+06 
 1.81061696e+03 5.28336862e+06 
 1.88811448e+03 5.41136753e+06 
 1.96564911e+03 5.54074265e+06 
 2.04318681e+03 5.67144132e+06 
 2.12067431e+03 5.80340458e+06 
 2.19804013e+03 5.93656649e+06 
 2.27520064e+03 6.07085552e+06 
 2.35206188e+03 6.20619528e+06 
 2.42852086e+03 6.34250467e+06 
 2.50446745e+03 6.47969813e+06 
 2.57978668e+03 6.61768622e+06 
 2.65436155e+03 6.75637647e+06 
 2.72807625e+03 6.89567431e+06 
 2.80081963e+03 7.03548417e+06 
 2.87248884e+03 7.17571065e+06 
 2.94299275e+03 7.31625963e+06 
 3.01225508e+03 7.45703927e+06 
 3.08021684e+03 7.59796083e+06 
 3.14683795e+03 7.73893912e+06 
 3.21209780e+03 7.87989278e+06 
 3.27599478e+03 8.02074407e+06 
 3.33854476e+03 8.16141845e+06 
 3.39977862e+03 8.30184388e+06 
 3.45973914e+03 8.44194990e+06 
 3.51847746e+03 8.58166668e+06 
 3.57604938e+03 8.72092405e+06 
 3.63251191e+03 8.85965056e+06 
 3.68792009e+03 8.99777283e+06 
 3.74232445e+03 9.13521491e+06 
 3.79576906e+03 9.27189801e+06 
 3.84829030e+03 9.40774037e+06 
 3.89991620e+03 9.54265733e+06 
 3.95066640e+03 9.67656161e+06 
 4.00055249e+03 9.80936367e+06 
 4.04957875e+03 9.94097222e+06 
 4.09774300e+03 1.00712948e+07 
 4.14503773e+03 1.02002382e+07 
 4.19145109e+03 1.03277096e+07 
 4.23696802e+03 1.04536164e+07 
 4.28157117e+03 1.05778674e+07 
 4.32524179e+03 1.07003733e+07 
 4.36796055e+03 1.08210469e+07 
 4.40970818e+03 1.09398039e+07 
 4.45046604e+03 1.10565635e+07 
 4.49021654e+03 1.11712483e+07 
 4.52894358e+03 1.12837851e+07 
 4.56663277e+03 1.13941051e+07 
 4.60327172e+03 1.15021442e+07 
 4.63885014e+03 1.16078435e+07 
 4.67336002e+03 1.17111491e+07 
 4.70679567e+03 1.18120125e+07 
 4.73915376e+03 1.19103910e+07 
 4.77043335e+03 1.20062473e+07 
 4.80063587e+03 1.20995500e+07 
 4.82976508e+03 1.21902736e+07 
 4.85782700e+03 1.22783982e+07 
 4.88482988e+03 1.23639098e+07 
 4.91078406e+03 1.24468003e+07 
 4.93570190e+03 1.25270670e+07 
 4.95959769e+03 1.26047129e+07 
 4.98248748e+03 1.26797461e+07 
 5.00438901e+03 1.27521803e+07 
 5.02532154e+03 1.28220340e+07 
 5.04530574e+03 1.28893304e+07 
 5.06436354e+03 1.29540975e+07 
 5.08251798e+03 1.30163674e+07 
 5.09979311e+03 1.30761764e+07 
 5.11621382e+03 1.31335644e+07 
 5.13180570e+03 1.31885749e+07 
 5.14659494e+03 1.32412546e+07 
 5.16060816e+03 1.32916529e+07 
 5.17387233e+03 1.33398220e+07 
 5.18641461e+03 1.33858163e+07 
 5.19826228e+03 1.34296922e+07 
 5.20944259e+03 1.34715078e+07 
 5.21998268e+03 1.35113227e+07 
 5.22990951e+03 1.35491975e+07 
 5.23924973e+03 1.35851939e+07 
 5.24802965e+03 1.36193740e+07 
 5.25627513e+03 1.36518005e+07 
 5.26401152e+03 1.36825361e+07 
 5.27126365e+03 1.37116435e+07 
 5.27805572e+03 1.37391851e+07 
 5.28441128e+03 1.37652228e+07 
 5.29035321e+03 1.37898181e+07 
 5.29590368e+03 1.38130314e+07 
 5.30108411e+03 1.38349225e+07 
 5.30591517e+03 1.38555497e+07 
 5.31041676e+03 1.38749706e+07 
 5.31460801e+03 1.38932411e+07 
 5.31850724e+03 1.39104160e+07 
 5.32213200e+03 1.39265484e+07 
 5.32549907e+03 1.39416901e+07 
 5.32862443e+03 1.39558913e+07 
 5.33152328e+03 1.39692003e+07 
 5.33421006e+03 1.39816641e+07 
 5.33669846e+03 1.39933278e+07 
 5.33900138e+03 1.40042348e+07 
 Species at the stagnation point 
 4.55125251e-02 7.47902990e-01 8.29630361e-03 1.57132551e-05 1.97185775e-01 1.08669279e-03 2.87499371e-10 
 4.29113818e-02 7.48808282e-01 8.29076310e-03 1.57562957e-05 1.98859010e-01 1.11480632e-03 2.88286869e-10 
 4.03294561e-02 7.49688181e-01 8.26479227e-03 1.58432950e-05 2.00525069e-01 1.17665833e-03 2.89878662e-10 
 3.77661850e-02 7.50540882e-01 8.22154470e-03 1.59730082e-05 2.02183410e-01 1.27200415e-03 2.92251973e-10 
 3.52223340e-02 7.51363477e-01 8.16395371e-03 1.61445137e-05 2.03832737e-01 1.40135328e-03 2.95389943e-10 
 3.27002047e-02 7.52151963e-01 8.09449964e-03 1.63571774e-05 2.05471089e-01 1.56588664e-03 2.99280970e-10 
 3.02063881e-02 7.52901168e-01 8.01269428e-03 1.66107364e-05 2.07094843e-01 1.76829596e-03 3.03920240e-10 
 2.77513401e-02 7.53604808e-01 7.91540720e-03 1.69052390e-05 2.08698924e-01 2.01261539e-03 3.09308641e-10 
 2.53467946e-02 7.54255678e-01 7.79917127e-03 1.72409379e-05 2.10277693e-01 2.30342161e-03 3.15450795e-10 
 2.30051503e-02 7.54845773e-01 7.66070845e-03 1.76182609e-05 2.11825045e-01 2.64570535e-03 3.22354528e-10 
 2.07392360e-02 7.55366368e-01 7.49708303e-03 1.80377954e-05 2.13334506e-01 3.04476887e-03 3.30030589e-10 
 1.85619950e-02 7.55808161e-01 7.30588910e-03 1.85002759e-05 2.14799360e-01 3.50609507e-03 3.38492416e-10 
 1.64860880e-02 7.56161450e-01 7.08546612e-03 1.90065704e-05 2.16212803e-01 4.03518602e-03 3.47755891e-10 
 1.45234408e-02 7.56416374e-01 6.83511230e-03 1.95576680e-05 2.17568141e-01 4.63737398e-03 3.57839112e-10 
 1.26847650e-02 7.56563198e-01 6.55527112e-03 2.01546676e-05 2.18858999e-01 5.31761169e-03 3.68762183e-10 
 1.09790828e-02 7.56592640e-01 6.24766605e-03 2.07987676e-05 2.20079560e-01 6.08025220e-03 3.80547034e-10 
 9.41329314e-03 7.56496231e-01 5.91536014e-03 2.14912586e-05 2.21224792e-01 6.92883191e-03 3.93217273e-10 
 7.99181963e-03 7.56266683e-01 5.56272220e-03 2.22335170e-05 2.22290669e-01 7.86587250e-03 4.06798089e-10 
 6.71637428e-03 7.55898240e-01 5.19529049e-03 2.30270029e-05 2.23274350e-01 8.89271804e-03 4.21316195e-10 
 5.58586471e-03 7.55386986e-01 4.81953610e-03 2.38732595e-05 2.24174318e-01 1.00094221e-02 4.36799827e-10 
 4.59645835e-03 7.54731082e-01 4.44254136e-03 2.47739151e-05 2.24990448e-01 1.12146965e-02 4.53278774e-10 
 3.74180191e-03 7.53930912e-01 4.07162011e-03 2.57306853e-05 2.25724007e-01 1.25059273e-02 4.70784430e-10 
 3.01337791e-03 7.52989119e-01 3.71391518e-03 2.67453758e-05 2.26377583e-01 1.38792591e-02 4.89349831e-10 
 2.40096608e-03 7.51910519e-01 3.37601232e-03 2.78198817e-05 2.26954942e-01 1.53297400e-02 5.09009652e-10 
 1.89316798e-03 7.50701918e-01 3.06360713e-03 2.89561836e-05 2.27460836e-01 1.68515146e-02 5.29800129e-10 
 1.47794926e-03 7.49371821e-01 2.78125452e-03 3.01563365e-05 2.27900768e-01 1.84380507e-02 5.51758865e-10 
 1.14315604e-03 7.47930082e-01 2.53221873e-03 3.14224527e-05 2.28280743e-01 2.00823775e-02 5.74924503e-10 
 8.76969488e-04 7.46387509e-01 2.31842859e-03 3.27566749e-05 2.28607014e-01 2.17773220e-02 5.99336253e-10 
 6.68273394e-04 7.44755462e-01 2.14053068e-03 3.41611429e-05 2.28885849e-01 2.35157228e-02 6.25033262e-10 
 5.06921780e-04 7.43045472e-01 1.99802274e-03 3.56379513e-05 2.29123331e-01 2.52906138e-02 6.52053857e-10 
 3.83905291e-04 7.41268899e-01 1.88944361e-03 3.71891022e-05 2.29325194e-01 2.70953679e-02 6.80434667e-10 
 2.91424686e-04 7.39436658e-01 1.81259403e-03 3.88164528e-05 2.29496707e-01 2.89237994e-02 7.10209673e-10 
 2.22886317e-04 7.37559003e-01 1.76476396e-03 4.05216611e-05 2.29642599e-01 3.07702251e-02 7.41409213e-10 
 1.72838016e-04 7.35645390e-01 1.74294663e-03 4.23061315e-05 2.29767028e-01 3.26294905e-02 7.74058980e-10 
 1.36864368e-04 7.33704399e-01 1.74402488e-03 4.41709620e-05 2.29873574e-01 3.44969661e-02 8.08179064e-10 
 1.11458879e-04 7.31743710e-01 1.76492168e-03 4.61168949e-05 2.29965271e-01 3.63685211e-02 8.43783049e-10 
 9.38876249e-05 7.29770129e-01 1.80271196e-03 4.81442729e-05 2.30044644e-01 3.82404825e-02 8.80877202e-10 
 8.20554849e-05 7.27789641e-01 1.85469732e-03 5.02530005e-05 2.30113767e-01 4.01095851e-02 9.19459778e-10 
 7.43825055e-05 7.25807485e-01 1.91844813e-03 5.24425127e-05 2.30174322e-01 4.19729187e-02 9.59520440e-10 
 6.96948274e-05 7.23828242e-01 1.99181905e-03 5.47117513e-05 2.30227655e-01 4.38278758e-02 1.00103982e-09 
 6.71320599e-05 7.21855922e-01 2.07294471e-03 5.70591475e-05 2.30274837e-01 4.56721034e-02 1.04398923e-09 
 6.60711455e-05 7.19894049e-01 2.16022174e-03 5.94826138e-05 2.30316714e-01 4.75034600e-02 1.08833045e-09 
 6.60655305e-05 7.17945740e-01 2.25228284e-03 6.19795417e-05 2.30353952e-01 4.93199787e-02 1.13401578e-09 
 6.67977842e-05 7.16013775e-01 2.34796698e-03 6.45468085e-05 2.30387074e-01 5.11198376e-02 1.18098807e-09 
 6.80435246e-05 7.14100652e-01 2.44628928e-03 6.71807902e-05 2.30416497e-01 5.29013357e-02 1.22918102e-09 
 6.96445205e-05 7.12208638e-01 2.54641252e-03 6.98773814e-05 2.30442552e-01 5.46628745e-02 1.27851951e-09 
 7.14890139e-05 7.10339803e-01 2.64762176e-03 7.26320219e-05 2.30465509e-01 5.64029445e-02 1.32892011e-09 
 7.34975765e-05 7.08496054e-01 2.74930254e-03 7.54397294e-05 2.30485589e-01 5.81201159e-02 1.38029165e-09 
 7.56131067e-05 7.06679152e-01 2.85092290e-03 7.82951374e-05 2.30502983e-01 5.98130325e-02 1.43253595e-09 
 7.77938611e-05 7.04890733e-01 2.95201888e-03 8.11925376e-05 2.30517853e-01 6.14804077e-02 1.48554856e-09 
 8.00086651e-05 7.03132313e-01 3.05218326e-03 8.41259273e-05 2.30530345e-01 6.31210231e-02 1.53921966e-09 
 8.22336638e-05 7.01405301e-01 3.15105687e-03 8.70890592e-05 2.30540590e-01 6.47337281e-02 1.59343494e-09 
 8.44501401e-05 6.99710998e-01 3.24832208e-03 9.00754945e-05 2.30548712e-01 6.63174405e-02 1.64807660e-09 
 8.66430641e-05 6.98050605e-01 3.34369805e-03 9.30786575e-05 2.30554825e-01 6.78711482e-02 1.70302432e-09 
 8.88001353e-05 6.96425219e-01 3.43693709e-03 9.60918906e-05 2.30559040e-01 6.93939102e-02 1.75815628e-09 
 9.09111509e-05 6.94835836e-01 3.52782212e-03 9.91085101e-05 2.30561462e-01 7.08848590e-02 1.81335020e-09 
 9.29675893e-05 6.93283350e-01 3.61616463e-03 1.02121861e-04 2.30562192e-01 7.23432019e-02 1.86848432e-09 
 9.49623311e-05 6.91768555e-01 3.70180308e-03 1.05125368e-04 2.30561329e-01 7.37682231e-02 1.92343834e-09 
 9.68894679e-05 6.90292141e-01 3.78460163e-03 1.08112591e-04 2.30558969e-01 7.51592847e-02 1.97809440e-09 
 9.87441660e-05 6.88854695e-01 3.86444886e-03 1.11077267e-04 2.30555205e-01 7.65158280e-02 2.03233794e-09 
 1.00522564e-04 6.87456705e-01 3.94125666e-03 1.14013358e-04 2.30550127e-01 7.78373742e-02 2.08605846e-09 
 1.02221687e-04 6.86098555e-01 4.01495906e-03 1.16915090e-04 2.30543823e-01 7.91235246e-02 2.13915033e-09 
 1.03839377e-04 6.84780532e-01 4.08551102e-03 1.19776988e-04 2.30536378e-01 8.03739611e-02 2.19151338e-09 
 1.05374228e-04 6.83502823e-01 4.15288716e-03 1.22593910e-04 2.30527874e-01 8.15884450e-02 2.24305352e-09 
 1.06825518e-04 6.82265521e-01 4.21708047e-03 1.25361070e-04 2.30518393e-01 8.27668170e-02 2.29368317e-09 
 1.08193157e-04 6.81068623e-01 4.27810098e-03 1.28074059e-04 2.30508011e-01 8.39089955e-02 2.34332169e-09 
 1.09477619e-04 6.79912039e-01 4.33597429e-03 1.30728866e-04 2.30496803e-01 8.50149751e-02 2.39189567e-09 
 1.10679890e-04 6.78795589e-01 4.39074023e-03 1.33321885e-04 2.30484842e-01 8.60848248e-02 2.43933914e-09 
 1.11801405e-04 6.77719011e-01 4.44245139e-03 1.35849924e-04 2.30472198e-01 8.71186858e-02 2.48559369e-09 
 1.12843999e-04 6.76681964e-01 4.49117171e-03 1.38310208e-04 2.30458938e-01 8.81167689e-02 2.53060855e-09 
 1.13809847e-04 6.75684033e-01 4.53697507e-03 1.40700376e-04 2.30445128e-01 8.90793515e-02 2.57434054e-09 
 1.14701415e-04 6.74724729e-01 4.57994394e-03 1.43018479e-04 2.30430829e-01 9.00067747e-02 2.61675397e-09 
 1.15521411e-04 6.73803502e-01 4.62016809e-03 1.45262968e-04 2.30416103e-01 9.08994400e-02 2.65782053e-09 
 1.16272736e-04 6.72919736e-01 4.65774325e-03 1.47432687e-04 2.30401007e-01 9.17578055e-02 2.69751903e-09 
 1.16958444e-04 6.72072762e-01 4.69277001e-03 1.49526854e-04 2.30385597e-01 9.25823827e-02 2.73583520e-09 
 1.17581699e-04 6.71261860e-01 4.72535265e-03 1.51545049e-04 2.30369926e-01 9.33737324e-02 2.77276135e-09 
 1.18145740e-04 6.70486261e-01 4.75559810e-03 1.53487198e-04 2.30354044e-01 9.41324609e-02 2.80829609e-09 
 1.18653847e-04 6.69745158e-01 4.78361501e-03 1.55353547e-04 2.30338001e-01 9.48592163e-02 2.84244397e-09 
 1.19109309e-04 6.69037705e-01 4.80951283e-03 1.57144651e-04 2.30321841e-01 9.55546838e-02 2.87521511e-09 
 1.19515402e-04 6.68363026e-01 4.83340105e-03 1.58861349e-04 2.30305610e-01 9.62195827e-02 2.90662487e-09 
 1.19875361e-04 6.67720218e-01 4.85538849e-03 1.60504745e-04 2.30289349e-01 9.68546617e-02 2.93669345e-09 
 1.20192360e-04 6.67108354e-01 4.87558263e-03 1.62076187e-04 2.30273097e-01 9.74606952e-02 2.96544552e-09 
 1.20469499e-04 6.66526490e-01 4.89408913e-03 1.63577251e-04 2.30256891e-01 9.80384797e-02 2.99290991e-09 
 1.20709785e-04 6.65973671e-01 4.91101127e-03 1.65009720e-04 2.30240766e-01 9.85888297e-02 3.01911923e-09 
 1.20916119e-04 6.65448928e-01 4.92644961e-03 1.66375565e-04 2.30224754e-01 9.91125742e-02 3.04410957e-09 
 1.21091294e-04 6.64951288e-01 4.94050165e-03 1.67676934e-04 2.30208885e-01 9.96105535e-02 3.06792022e-09 
 1.21237978e-04 6.64479778e-01 4.95326150e-03 1.68916134e-04 2.30193188e-01 1.00083615e-01 3.09059338e-09 
 1.21358717e-04 6.64033423e-01 4.96481977e-03 1.70095619e-04 2.30177688e-01 1.00532612e-01 3.11217397e-09 
 1.21455928e-04 6.63611254e-01 4.97526331e-03 1.71217981e-04 2.30162409e-01 1.00958396e-01 3.13270940e-09 
 1.21531899e-04 6.63212309e-01 4.98467522e-03 1.72285941e-04 2.30147372e-01 1.01361822e-01 3.15224945e-09 
 1.21588794e-04 6.62835638e-01 4.99313476e-03 1.73302343e-04 2.30132597e-01 1.01743737e-01 3.17084616e-09 
 1.21628650e-04 6.62480299e-01 5.00071739e-03 1.74270150e-04 2.30118100e-01 1.02104982e-01 3.18855376e-09 
 1.21653392e-04 6.62145369e-01 5.00749490e-03 1.75192448e-04 2.30103896e-01 1.02446392e-01 3.20542869e-09 
 1.21664843e-04 6.61829939e-01 5.01353559e-03 1.76072444e-04 2.30089998e-01 1.02768787e-01 3.22152963e-09 
 1.21664742e-04 6.61533119e-01 5.01890455e-03 1.76913473e-04 2.30076417e-01 1.03072978e-01 3.23691762e-09 
 1.21654782e-04 6.61254038e-01 5.02366420e-03 1.77719011e-04 2.30063160e-01 1.03359761e-01 3.25165624e-09 
 1.21636663e-04 6.60991845e-01 5.02787491e-03 1.78492686e-04 2.30050234e-01 1.03629914e-01 3.26581186e-09 
 1.21612187e-04 6.60745709e-01 5.03159603e-03 1.79238293e-04 2.30037640e-01 1.03884201e-01 3.27945395e-09 
 1.21583413e-04 6.60514819e-01 5.03488729e-03 1.79959825e-04 2.30025377e-01 1.04123369e-01 3.29265555e-09 
 1.21552954e-04 6.60298384e-01 5.03781090e-03 1.80661495e-04 2.30013442e-01 1.04348146e-01 3.30549372e-09 
