 T, h at the stagnation point 
 3.50000000e+02 6.64443814e+06 
 4.80329405e+02 6.80652254e+06 
 6.03044547e+02 6.97722186e+06 
 7.20216600e+02 7.15520035e+06 
 8.33144491e+02 7.33951487e+06 
 9.42737980e+02 7.52943596e+06 
 1.04967528e+03 7.72439902e+06 
 1.15446499e+03 7.92395767e+06 
 1.25748891e+03 8.12775093e+06 
 1.35903432e+03 8.33548054e+06 
 1.45931769e+03 8.54689449e+06 
 1.55850201e+03 8.76177515e+06 
 1.65670939e+03 8.97993050e+06 
 1.75403032e+03 9.20118763e+06 
 1.85053064e+03 9.42538777e+06 
 1.94625687e+03 9.65238234e+06 
 2.04124459e+03 9.88203173e+06 
 2.13554901e+03 1.01142069e+07 
 2.22924578e+03 1.03487872e+07 
 2.32239583e+03 1.05856542e+07 
 2.41504228e+03 1.08246875e+07 
 2.50721296e+03 1.10657640e+07 
 2.59892232e+03 1.13087568e+07 
 2.69017306e+03 1.15535351e+07 
 2.78095746e+03 1.17999627e+07 
 2.87125866e+03 1.20478982e+07 
 2.96105161e+03 1.22971942e+07 
 3.05030413e+03 1.25476974e+07 
 3.13897771e+03 1.27992480e+07 
 3.22702838e+03 1.30516801e+07 
 3.31440745e+03 1.33048213e+07 
 3.40106223e+03 1.35584931e+07 
 3.48693676e+03 1.38125107e+07 
 3.57197246e+03 1.40666837e+07 
 3.65610874e+03 1.43208161e+07 
 3.73928368e+03 1.45747068e+07 
 3.82143457e+03 1.48281499e+07 
 3.90249847e+03 1.50809353e+07 
 3.98241279e+03 1.53328495e+07 
 4.06111576e+03 1.55836758e+07 
 4.13854691e+03 1.58331952e+07 
 4.21464749e+03 1.60811873e+07 
 4.28936094e+03 1.63274305e+07 
 4.36263318e+03 1.65717035e+07 
 4.43441302e+03 1.68137855e+07 
 4.50465242e+03 1.70534574e+07 
 4.57330677e+03 1.72905027e+07 
 4.64033512e+03 1.75247080e+07 
 4.70570041e+03 1.77558644e+07 
 4.76936960e+03 1.79837680e+07 
 4.83131381e+03 1.82082209e+07 
 4.89150847e+03 1.84290320e+07 
 4.94993335e+03 1.86460178e+07 
 5.00657262e+03 1.88590036e+07 
 5.06141489e+03 1.90678235e+07 
 5.11445316e+03 1.92723218e+07 
 5.16568482e+03 1.94723535e+07 
 5.21511157e+03 1.96677846e+07 
 5.26273931e+03 1.98584929e+07 
 5.30857807e+03 2.00443686e+07 
 5.35264183e+03 2.02253143e+07 
 5.39494839e+03 2.04012459e+07 
 5.43551917e+03 2.05720921e+07 
 5.47437901e+03 2.07377952e+07 
 5.51155598e+03 2.08983108e+07 
 5.54708112e+03 2.10536081e+07 
 5.58098823e+03 2.12036695e+07 
 5.61331361e+03 2.13484904e+07 
 5.64409577e+03 2.14880793e+07 
 5.67337525e+03 2.16224572e+07 
 5.70119429e+03 2.17516572e+07 
 5.72759660e+03 2.18757239e+07 
 5.75262711e+03 2.19947133e+07 
 5.77633171e+03 2.21086919e+07 
 5.79875704e+03 2.22177359e+07 
 5.81995019e+03 2.23219308e+07 
 5.83995856e+03 2.24213708e+07 
 5.85882962e+03 2.25161576e+07 
 5.87661069e+03 2.26064001e+07 
 5.89334880e+03 2.26922135e+07 
 5.90909049e+03 2.27737181e+07 
 5.92388168e+03 2.28510395e+07 
 5.93776753e+03 2.29243067e+07 
 5.95079231e+03 2.29936524e+07 
 5.96299928e+03 2.30592114e+07 
 5.97443062e+03 2.31211206e+07 
 5.98512736e+03 2.31795179e+07 
 5.99512925e+03 2.32345416e+07 
 6.00447477e+03 2.32863303e+07 
 6.01320105e+03 2.33350216e+07 
 6.02134387e+03 2.33807522e+07 
 6.02893757e+03 2.34236569e+07 
 6.03601513e+03 2.34638687e+07 
 6.04260806e+03 2.35015181e+07 
 6.04874650e+03 2.35367328e+07 
 6.05445915e+03 2.35696374e+07 
 6.05977334e+03 2.36003532e+07 
 6.06471504e+03 2.36289980e+07 
 6.06930886e+03 2.36556856e+07 
 6.07357815e+03 2.36805261e+07 
 Species at the stagnation point 
 5.57189587e-04 6.90701860e-01 7.38521136e-04 1.67850621e-05 2.26287398e-01 8.16982466e-02 3.07109811e-10 
 4.76984464e-04 6.90413103e-01 6.77525591e-04 1.68692364e-05 2.26391181e-01 8.20243356e-02 3.08649915e-10 
 4.05183717e-04 6.89640190e-01 5.86128528e-04 1.70903826e-05 2.26532247e-01 8.28191596e-02 3.12696142e-10 
 3.45131916e-04 6.88492830e-01 5.04256399e-04 1.74217037e-05 2.26682623e-01 8.39577364e-02 3.18758197e-10 
 2.95887440e-04 6.87047260e-01 4.38160677e-04 1.78488763e-05 2.26834764e-01 8.53660785e-02 3.26574010e-10 
 2.55560320e-04 6.85356953e-01 3.85597885e-04 1.83631308e-05 2.26986777e-01 8.69967480e-02 3.35983126e-10 
 2.22383399e-04 6.83459535e-01 3.43577865e-04 1.89592201e-05 2.27138281e-01 8.88172634e-02 3.46889542e-10 
 1.94892666e-04 6.81382206e-01 3.09612833e-04 1.96340732e-05 2.27289319e-01 9.08043354e-02 3.59237068e-10 
 1.71913370e-04 6.79145230e-01 2.81786001e-04 2.03861817e-05 2.27440030e-01 9.29406544e-02 3.72998108e-10 
 1.52510878e-04 6.76764100e-01 2.58657761e-04 2.12152062e-05 2.27590548e-01 9.52129676e-02 3.88166450e-10 
 1.35938142e-04 6.74250942e-01 2.39148492e-04 2.21217488e-05 2.27740981e-01 9.76108684e-02 4.04753110e-10 
 1.21588605e-04 6.71615458e-01 2.22433553e-04 2.31072090e-05 2.27891413e-01 1.00126000e-01 4.22783695e-10 
 1.08956092e-04 6.68865586e-01 2.07857293e-04 2.41736978e-05 2.28041917e-01 1.02751510e-01 4.42296830e-10 
 9.76001093e-05 6.66007974e-01 1.94859058e-04 2.53239894e-05 2.28192578e-01 1.05481664e-01 4.63343272e-10 
 8.71121047e-05 6.63048356e-01 1.82894416e-04 2.65614969e-05 2.28343517e-01 1.08311559e-01 4.85985470e-10 
 7.70826166e-05 6.59991867e-01 1.71337677e-04 2.78902828e-05 2.28494928e-01 1.11236893e-01 5.10297754e-10 
 6.71538425e-05 6.56843258e-01 1.59518722e-04 2.93150451e-05 2.28647057e-01 1.14253697e-01 5.36366080e-10 
 5.74254183e-05 6.53607217e-01 1.47459870e-04 3.08411916e-05 2.28799547e-01 1.17357508e-01 5.64289394e-10 
 4.83886035e-05 6.50288491e-01 1.35858216e-04 3.24748472e-05 2.28951484e-01 1.20543303e-01 5.94179760e-10 
 4.03625026e-05 6.46891651e-01 1.25162567e-04 3.42227854e-05 2.29102232e-01 1.23806368e-01 6.26161112e-10 
 3.34594464e-05 6.43421106e-01 1.15578571e-04 3.60924924e-05 2.29251405e-01 1.27142358e-01 6.60370420e-10 
 2.76602796e-05 6.39881046e-01 1.07203751e-04 3.80921663e-05 2.29398759e-01 1.30547239e-01 6.96957684e-10 
 2.28721167e-05 6.36275432e-01 1.00097427e-04 4.02307346e-05 2.29544133e-01 1.34017234e-01 7.36086243e-10 
 1.89671058e-05 6.32608017e-01 9.43129413e-05 4.25178551e-05 2.29687408e-01 1.37548776e-01 7.77932805e-10 
 1.58080166e-05 6.28882373e-01 8.99142596e-05 4.49639056e-05 2.29828476e-01 1.41138464e-01 8.22687248e-10 
 1.32638468e-05 6.25101920e-01 8.69847286e-05 4.75799550e-05 2.29967230e-01 1.44783020e-01 8.70552096e-10 
 1.12180932e-05 6.21269966e-01 8.56310914e-05 5.03777129e-05 2.30103551e-01 1.48479255e-01 9.21741593e-10 
 9.57203199e-06 6.17389734e-01 8.59842544e-05 5.33694548e-05 2.30237304e-01 1.52224035e-01 9.76480341e-10 
 8.24489855e-06 6.13464394e-01 8.81975860e-05 5.65679218e-05 2.30368341e-01 1.56014254e-01 1.03500146e-09 
 7.17235474e-06 6.09497092e-01 9.24432445e-05 5.99861925e-05 2.30496495e-01 1.59846810e-01 1.09754424e-09 
 6.30419140e-06 6.05490980e-01 9.89069534e-05 6.36375272e-05 2.30621590e-01 1.63718580e-01 1.16435130e-09 
 5.60185451e-06 6.01449233e-01 1.07781629e-04 6.75351864e-05 2.30743442e-01 1.67626406e-01 1.23566527e-09 
 5.03612320e-06 5.97375077e-01 1.19260277e-04 7.16922245e-05 2.30861858e-01 1.71567075e-01 1.31172500e-09 
 4.58508972e-06 5.93271803e-01 1.33528556e-04 7.61212627e-05 2.30976649e-01 1.75537311e-01 1.39276140e-09 
 4.23248348e-06 5.89142784e-01 1.50757404e-04 8.08342459e-05 2.31087627e-01 1.79533763e-01 1.47899304e-09 
 3.96632104e-06 5.84991485e-01 1.71096058e-04 8.58421878e-05 2.31194612e-01 1.83552997e-01 1.57062142e-09 
 3.77783747e-06 5.80821474e-01 1.94665773e-04 9.11549121e-05 2.31297431e-01 1.87591494e-01 1.66782629e-09 
 3.66064740e-06 5.76636427e-01 2.21554483e-04 9.67807951e-05 2.31395929e-01 1.91645646e-01 1.77076090e-09 
 3.61008740e-06 5.72440128e-01 2.51812561e-04 1.02726518e-04 2.31489965e-01 1.95711756e-01 1.87954749e-09 
 3.62269955e-06 5.68236472e-01 2.85449827e-04 1.08996832e-04 2.31579416e-01 1.99786041e-01 1.99427302e-09 
 3.69582450e-06 5.64029460e-01 3.22433823e-04 1.15594356e-04 2.31664178e-01 2.03864636e-01 2.11498537e-09 
 3.82728075e-06 5.59823191e-01 3.62689382e-04 1.22519388e-04 2.31744172e-01 2.07943599e-01 2.24169001e-09 
 4.01511319e-06 5.55621856e-01 4.06099424e-04 1.29769767e-04 2.31819337e-01 2.12018921e-01 2.37434741e-09 
 4.25739871e-06 5.51429724e-01 4.52506881e-04 1.37340768e-04 2.31889635e-01 2.16086534e-01 2.51287109e-09 
 4.55209998e-06 5.47251129e-01 5.01717637e-04 1.45225035e-04 2.31955052e-01 2.20142321e-01 2.65712648e-09 
 4.89696087e-06 5.43090457e-01 5.53504305e-04 1.53412569e-04 2.32015593e-01 2.24182133e-01 2.80693063e-09 
 5.28943794e-06 5.38952125e-01 6.07610693e-04 1.61890757e-04 2.32071286e-01 2.28201795e-01 2.96205278e-09 
 5.72666321e-06 5.34840565e-01 6.63756755e-04 1.70644448e-04 2.32122177e-01 2.32197127e-01 3.12221568e-09 
 6.20543399e-06 5.30760203e-01 7.21643868e-04 1.79656070e-04 2.32168330e-01 2.36163958e-01 3.28709786e-09 
 6.72222537e-06 5.26715444e-01 7.80960251e-04 1.88905795e-04 2.32209826e-01 2.40098137e-01 3.45633652e-09 
 7.27322128e-06 5.22710645e-01 8.41386371e-04 1.98371735e-04 2.32246762e-01 2.43995558e-01 3.62953117e-09 
 7.85436000e-06 5.18750098e-01 9.02600191e-04 2.08030172e-04 2.32279245e-01 2.47852168e-01 3.80624787e-09 
 8.46139028e-06 5.14838010e-01 9.64282137e-04 2.17855820e-04 2.32307398e-01 2.51663989e-01 3.98602395e-09 
 9.08993424e-06 5.10978481e-01 1.02611968e-03 2.27822096e-04 2.32331350e-01 2.55427133e-01 4.16837307e-09 
 9.73555390e-06 5.07175487e-01 1.08781147e-03 2.37901423e-04 2.32351241e-01 2.59137819e-01 4.35279063e-09 
 1.03938180e-05 5.03432859e-01 1.14907092e-03 2.48065522e-04 2.32367217e-01 2.62792389e-01 4.53875924e-09 
 1.10603666e-05 4.99754269e-01 1.20962927e-03 2.58285724e-04 2.32379428e-01 2.66387323e-01 4.72575433e-09 
 1.17309719e-05 4.96143207e-01 1.26923807e-03 2.68533263e-04 2.32388031e-01 2.69919255e-01 4.91324961e-09 
 1.24015921e-05 4.92602972e-01 1.32767105e-03 2.78779572e-04 2.32393182e-01 2.73384989e-01 5.10072236e-09 
 1.30684191e-05 4.89136653e-01 1.38472550e-03 2.88996554e-04 2.32395043e-01 2.76781508e-01 5.28765854e-09 
 1.37279173e-05 4.85747121e-01 1.44022306e-03 2.99156846e-04 2.32393774e-01 2.80105992e-01 5.47355750e-09 
 1.43768547e-05 4.82437012e-01 1.49401009e-03 3.09234053e-04 2.32389538e-01 2.83355823e-01 5.65793625e-09 
 1.50123247e-05 4.79208723e-01 1.54595747e-03 3.19202956e-04 2.32382495e-01 2.86528603e-01 5.84033344e-09 
 1.56317606e-05 4.76064397e-01 1.59596018e-03 3.29039703e-04 2.32372808e-01 2.89622157e-01 6.02031260e-09 
 1.62329419e-05 4.73005925e-01 1.64393640e-03 3.38721962e-04 2.32360634e-01 2.92634544e-01 6.19746516e-09 
 1.68139932e-05 4.70034933e-01 1.68982637e-03 3.48229055e-04 2.32346131e-01 2.95564060e-01 6.37141278e-09 
 1.73733777e-05 4.67152785e-01 1.73359108e-03 3.57542053e-04 2.32329456e-01 2.98409245e-01 6.54180911e-09 
 1.79098850e-05 4.64360579e-01 1.77521067e-03 3.66643852e-04 2.32310763e-01 3.01168888e-01 6.70834122e-09 
 1.84226137e-05 4.61659145e-01 1.81468284e-03 3.75519218e-04 2.32290202e-01 3.03842022e-01 6.87073038e-09 
 1.89109523e-05 4.59049053e-01 1.85202110e-03 3.84154812e-04 2.32267923e-01 3.06427930e-01 7.02873250e-09 
 1.93745555e-05 4.56530612e-01 1.88725298e-03 3.92539181e-04 2.32244071e-01 3.08926143e-01 7.18213808e-09 
 1.98133204e-05 4.54103877e-01 1.92041830e-03 4.00662746e-04 2.32218791e-01 3.11336431e-01 7.33077181e-09 
 2.02273605e-05 4.51768654e-01 1.95156745e-03 4.08517749e-04 2.32192222e-01 3.13658804e-01 7.47449177e-09 
 2.06169803e-05 4.49524513e-01 1.98075971e-03 4.16098206e-04 2.32164501e-01 3.15893504e-01 7.61318847e-09 
 2.09826496e-05 4.47370791e-01 2.00806167e-03 4.23399828e-04 2.32135762e-01 3.18040995e-01 7.74678344e-09 
 2.13249784e-05 4.45306608e-01 2.03354576e-03 4.30419945e-04 2.32106135e-01 3.20101958e-01 7.87522782e-09 
 2.16446940e-05 4.43330877e-01 2.05728887e-03 4.37157411e-04 2.32075747e-01 3.22077277e-01 7.99850063e-09 
 2.19426178e-05 4.41442316e-01 2.07937109e-03 4.43612506e-04 2.32044719e-01 3.23968031e-01 8.11660701e-09 
 2.22196453e-05 4.39639462e-01 2.09987459e-03 4.49786836e-04 2.32013170e-01 3.25775479e-01 8.22957636e-09 
 2.24767271e-05 4.37920687e-01 2.11888262e-03 4.55683231e-04 2.31981214e-01 3.27501048e-01 8.33746042e-09 
 2.27148519e-05 4.36284211e-01 2.13647861e-03 4.61305636e-04 2.31948959e-01 3.29146323e-01 8.44033140e-09 
 2.29350314e-05 4.34728115e-01 2.15274537e-03 4.66659015e-04 2.31916511e-01 3.30713026e-01 8.53828010e-09 
 2.31382867e-05 4.33250361e-01 2.16776450e-03 4.71749245e-04 2.31883968e-01 3.32203010e-01 8.63141409e-09 
 2.33256373e-05 4.31848804e-01 2.18161578e-03 4.76583031e-04 2.31851426e-01 3.33618237e-01 8.71985601e-09 
 2.34980910e-05 4.30521206e-01 2.19437674e-03 4.81167813e-04 2.31818973e-01 3.34960770e-01 8.80374200e-09 
 2.36566357e-05 4.29265254e-01 2.20612227e-03 4.85511689e-04 2.31786693e-01 3.36232754e-01 8.88322022e-09 
 2.38022326e-05 4.28078572e-01 2.21692437e-03 4.89623344e-04 2.31754665e-01 3.37436404e-01 8.95844959e-09 
 2.39358108e-05 4.26958738e-01 2.22685191e-03 4.93511995e-04 2.31722960e-01 3.38573994e-01 9.02959874e-09 
 2.40582629e-05 4.25903292e-01 2.23597045e-03 4.97187340e-04 2.31691646e-01 3.39647837e-01 9.09684511e-09 
 2.41704420e-05 4.24909756e-01 2.24434220e-03 5.00659528e-04 2.31660783e-01 3.40660279e-01 9.16037438e-09 
 2.42731586e-05 4.23975640e-01 2.25202592e-03 5.03939139e-04 2.31630428e-01 3.41613684e-01 9.22038016e-09 
 2.43671794e-05 4.23098456e-01 2.25907689e-03 5.07037186e-04 2.31600630e-01 3.42510424e-01 9.27706394e-09 
 2.44532256e-05 4.22275728e-01 2.26554690e-03 5.09965133e-04 2.31571432e-01 3.43352865e-01 9.33063546e-09 
 2.45319709e-05 4.21505005e-01 2.27148419e-03 5.12734935e-04 2.31542872e-01 3.44143363e-01 9.38131346e-09 
 2.46040394e-05 4.20783864e-01 2.27693340e-03 5.15359106e-04 2.31514983e-01 3.44884247e-01 9.42932691e-09 
 2.46700004e-05 4.20109923e-01 2.28193523e-03 5.17850811e-04 2.31487793e-01 3.45577819e-01 9.47491667e-09 
 2.47303604e-05 4.19480847e-01 2.28652593e-03 5.20223999e-04 2.31461322e-01 3.46226341e-01 9.51833797e-09 
 2.47855472e-05 4.18894359e-01 2.29073601e-03 5.22493562e-04 2.31435588e-01 3.46832028e-01 9.55986330e-09 
 2.48358866e-05 4.18348241e-01 2.29458796e-03 5.24675579e-04 2.31410605e-01 3.47397044e-01 9.59978681e-09 
 2.48815741e-05 4.17840350e-01 2.29809137e-03 5.26787568e-04 2.31386385e-01 3.47923494e-01 9.63842907e-09 
