 T, h at the stagnation point 
 8.53000000e+02 1.09131114e+06 
 9.06517995e+02 1.18676067e+06 
 9.60473608e+02 1.28393825e+06 
 1.01485612e+03 1.38280205e+06 
 1.06965493e+03 1.48330786e+06 
 1.12485811e+03 1.58540827e+06 
 1.18045124e+03 1.68905188e+06 
 1.23641662e+03 1.79418258e+06 
 1.29273256e+03 1.90073882e+06 
 1.34937291e+03 2.00865293e+06 
 1.40630675e+03 2.11785050e+06 
 1.46349810e+03 2.22824984e+06 
 1.52090577e+03 2.33976146e+06 
 1.57848332e+03 2.45228771e+06 
 1.63617902e+03 2.56572246e+06 
 1.69393592e+03 2.67995087e+06 
 1.75169201e+03 2.79484934e+06 
 1.80938035e+03 2.91028547e+06 
 1.86692938e+03 3.02611826e+06 
 1.92426319e+03 3.14219835e+06 
 1.98130192e+03 3.25836843e+06 
 2.03796215e+03 3.37446388e+06 
 2.09415792e+03 3.49031359e+06 
 2.14980111e+03 3.60574079e+06 
 2.20480191e+03 3.72056395e+06 
 2.25906951e+03 3.83459785e+06 
 2.31251291e+03 3.94765481e+06 
 2.36504169e+03 4.05954607e+06 
 2.41656685e+03 4.17008313e+06 
 2.46700171e+03 4.27907934e+06 
 2.51626271e+03 4.38635132e+06 
 2.56427033e+03 4.49172060e+06 
 2.61094983e+03 4.59501507e+06 
 2.65623211e+03 4.69607050e+06 
 2.70005438e+03 4.79473200e+06 
 2.74236083e+03 4.89085531e+06 
 2.78310317e+03 4.98430800e+06 
 2.82224109e+03 5.07497060e+06 
 2.85974260e+03 5.16273747e+06 
 2.89558426e+03 5.24751754e+06 
 2.92975124e+03 5.32923484e+06 
 2.96223735e+03 5.40782891e+06 
 2.99304484e+03 5.48325486e+06 
 3.02218418e+03 5.55548341e+06 
 3.04967365e+03 5.62450060e+06 
 3.07553893e+03 5.69030739e+06 
 3.09981249e+03 5.75291910e+06 
 3.12253305e+03 5.81236468e+06 
 3.14374488e+03 5.86868582e+06 
 3.16349712e+03 5.92193605e+06 
 3.18184308e+03 5.97217967e+06 
 3.19883949e+03 6.01949065e+06 
 3.21454584e+03 6.06395147e+06 
 3.22902362e+03 6.10565198e+06 
 3.24233575e+03 6.14468824e+06 
 3.25454589e+03 6.18116138e+06 
 3.26571787e+03 6.21517646e+06 
 3.27591521e+03 6.24684145e+06 
 3.28520061e+03 6.27626622e+06 
 3.29363551e+03 6.30356157e+06 
 3.30127979e+03 6.32883843e+06 
 3.30819140e+03 6.35220706e+06 
 3.31442614e+03 6.37377632e+06 
 3.32003746e+03 6.39365311e+06 
 3.32507625e+03 6.41194179e+06 
 3.32959081e+03 6.42874375e+06 
 3.33362669e+03 6.44415705e+06 
 3.33722674e+03 6.45827607e+06 
 3.34043105e+03 6.47119132e+06 
 3.34327697e+03 6.48298924e+06 
 3.34579920e+03 6.49375208e+06 
 3.34802986e+03 6.50355787e+06 
 3.34999853e+03 6.51248035e+06 
 3.35173238e+03 6.52058902e+06 
 3.35325631e+03 6.52794920e+06 
 3.35459301e+03 6.53462208e+06 
 3.35576315e+03 6.54066487e+06 
 3.35678543e+03 6.54613090e+06 
 3.35767680e+03 6.55106978e+06 
 3.35845250e+03 6.55552754e+06 
 3.35912624e+03 6.55954680e+06 
 3.35971031e+03 6.56316697e+06 
 3.36021569e+03 6.56642436e+06 
 3.36065216e+03 6.56935242e+06 
 3.36102843e+03 6.57198189e+06 
 3.36135220e+03 6.57434096e+06 
 3.36163028e+03 6.57645544e+06 
 3.36186871e+03 6.57834892e+06 
 3.36207276e+03 6.58004297e+06 
 3.36224709e+03 6.58155723e+06 
 3.36239576e+03 6.58290957e+06 
 3.36252233e+03 6.58411625e+06 
 3.36262989e+03 6.58519202e+06 
 3.36272115e+03 6.58615027e+06 
 3.36279843e+03 6.58700311e+06 
 3.36286378e+03 6.58776149e+06 
 3.36291893e+03 6.58843531e+06 
 3.36296539e+03 6.58903351e+06 
 3.36300446e+03 6.58956414e+06 
 3.36303727e+03 6.59003445e+06 
 Species at the stagnation point 
 2.56208109e-01 7.03475058e-01 3.34483360e-02 3.90493849e-07 6.86806610e-03 4.05080455e-08 7.14471543e-12 
 2.52694694e-01 7.04708920e-01 3.34825379e-02 3.91373628e-07 9.11340043e-03 5.61293698e-08 7.16081240e-12 
 2.49109608e-01 7.05977093e-01 3.35176216e-02 3.92437568e-07 1.13952135e-02 7.15761613e-08 7.18027891e-12 
 2.45453955e-01 7.07278957e-01 3.35535923e-02 3.93678854e-07 1.37130147e-02 8.72930116e-08 7.20299023e-12 
 2.41728951e-01 7.08613804e-01 3.35904526e-02 3.95091503e-07 1.60662934e-02 1.03472073e-07 7.22883693e-12 
 2.37935969e-01 7.09980812e-01 3.36282020e-02 3.96670205e-07 1.84545009e-02 1.20211426e-07 7.25772184e-12 
 2.34076570e-01 7.11379023e-01 3.36668360e-02 3.98410216e-07 2.08770348e-02 1.37569868e-07 7.28955813e-12 
 2.30152550e-01 7.12807324e-01 3.37063462e-02 4.00307251e-07 2.33332236e-02 1.55592426e-07 7.32426745e-12 
 2.26165967e-01 7.14264425e-01 3.37467187e-02 4.02357407e-07 2.58223127e-02 1.74322529e-07 7.36177837e-12 
 2.22119181e-01 7.15748836e-01 3.37879347e-02 4.04557086e-07 2.83434499e-02 1.93810721e-07 7.40202505e-12 
 2.18014884e-01 7.17258853e-01 3.38299694e-02 4.06902929e-07 3.08956729e-02 2.14125130e-07 7.44494604e-12 
 2.13856130e-01 7.18792537e-01 3.38727916e-02 4.09391763e-07 3.34778963e-02 2.35368464e-07 7.49048327e-12 
 2.09646364e-01 7.20347702e-01 3.39163634e-02 4.12020545e-07 3.60889005e-02 2.57708127e-07 7.53858108e-12 
 2.05389442e-01 7.21921902e-01 3.39606396e-02 4.14786322e-07 3.87273210e-02 2.81430174e-07 7.58918544e-12 
 2.01089651e-01 7.23512418e-01 3.40055676e-02 4.17686187e-07 4.13916384e-02 3.07035229e-07 7.64224315e-12 
 1.96751728e-01 7.25116259e-01 3.40510868e-02 4.20717242e-07 4.40801698e-02 3.35406985e-07 7.69770120e-12 
 1.92380864e-01 7.26730154e-01 3.40971284e-02 4.23876569e-07 4.67910617e-02 3.68104592e-07 7.75550619e-12 
 1.87982713e-01 7.28350554e-01 3.41436149e-02 4.27161194e-07 4.95222832e-02 4.07863690e-07 7.81560369e-12 
 1.83563388e-01 7.29973641e-01 3.41904598e-02 4.30568064e-07 5.22716215e-02 4.59444538e-07 7.87793790e-12 
 1.79129455e-01 7.31595335e-01 3.42375671e-02 4.34094025e-07 5.50366775e-02 5.31042947e-07 7.94245105e-12 
 1.74687922e-01 7.33211310e-01 3.42848299e-02 4.37735809e-07 5.78148640e-02 6.36343857e-07 8.00908336e-12 
 1.70246211e-01 7.34817008e-01 3.43321393e-02 4.41489984e-07 6.06034028e-02 7.97272314e-07 8.07777205e-12 
 1.65812081e-01 7.36407668e-01 3.43794432e-02 4.45353039e-07 6.33993366e-02 1.02544148e-06 8.14845289e-12 
 1.61393591e-01 7.37978357e-01 3.44267406e-02 4.49321270e-07 6.61995351e-02 1.32700695e-06 8.22105807e-12 
 1.56999069e-01 7.39524010e-01 3.44740551e-02 4.53390742e-07 6.90007012e-02 1.71147522e-06 8.29551562e-12 
 1.52637053e-01 7.41039483e-01 3.45214329e-02 4.57557295e-07 7.17993829e-02 2.19117238e-06 8.37174945e-12 
 1.48316229e-01 7.42519597e-01 3.45689435e-02 4.61816543e-07 7.45919879e-02 2.78069825e-06 8.44967927e-12 
 1.44045358e-01 7.43959199e-01 3.46166797e-02 4.66163876e-07 7.73748010e-02 3.49644817e-06 8.52922073e-12 
 1.39833194e-01 7.45353221e-01 3.46647547e-02 4.70594469e-07 8.01440029e-02 4.35621144e-06 8.61028560e-12 
 1.35688416e-01 7.46696739e-01 3.47132985e-02 4.75103301e-07 8.28956922e-02 5.37877834e-06 8.69278195e-12 
 1.31619536e-01 7.47985040e-01 3.47624519e-02 4.79685163e-07 8.56259087e-02 6.58351433e-06 8.77661452e-12 
 1.27634820e-01 7.49213687e-01 3.48123595e-02 4.84334684e-07 8.83306599e-02 7.98987936e-06 8.86168502e-12 
 1.23742209e-01 7.50378577e-01 3.48631610e-02 4.89046349e-07 9.10059474e-02 9.61688523e-06 8.94789253e-12 
 1.19949236e-01 7.51476010e-01 3.49149820e-02 4.93814519e-07 9.36477965e-02 1.14824950e-05 9.03513390e-12 
 1.16262951e-01 7.52502737e-01 3.49679252e-02 4.98633453e-07 9.62522847e-02 1.36029784e-05 9.12330408e-12 
 1.12689853e-01 7.53456018e-01 3.50220610e-02 5.03497327e-07 9.88155725e-02 1.59922453e-05 9.21229651e-12 
 1.09235821e-01 7.54333657e-01 3.50774196e-02 5.08400249e-07 1.01333932e-01 1.86611846e-05 9.30200337e-12 
 1.05906061e-01 7.55134044e-01 3.51339855e-02 5.13336266e-07 1.03803779e-01 2.16170406e-05 9.39231578e-12 
 1.02705056e-01 7.55856173e-01 3.51916926e-02 5.18299378e-07 1.06221697e-01 2.48628616e-05 9.48312392e-12 
 9.96365310e-02 7.56499657e-01 3.52504231e-02 5.23283529e-07 1.08584468e-01 2.83970535e-05 9.57431701e-12 
 9.67034207e-02 7.57064735e-01 3.53100082e-02 5.28282610e-07 1.10889095e-01 3.22130685e-05 9.66578327e-12 
 9.39078560e-02 7.57552256e-01 3.53702313e-02 5.33290450e-07 1.13132824e-01 3.62992540e-05 9.75740979e-12 
 9.12511576e-02 7.57963665e-01 3.54308344e-02 5.38300804e-07 1.15313166e-01 4.06388772e-05 9.84908230e-12 
 8.87338414e-02 7.58300969e-01 3.54915251e-02 5.43307343e-07 1.17427911e-01 4.52103330e-05 9.94068501e-12 
 8.63556354e-02 7.58566699e-01 3.55519863e-02 5.48303647e-07 1.19475143e-01 4.99875310e-05 1.00321005e-11 
 8.41155075e-02 7.58763865e-01 3.56118861e-02 5.53283198e-07 1.21453248e-01 5.49404491e-05 1.01232094e-11 
 8.20117022e-02 7.58895896e-01 3.56708880e-02 5.58239383e-07 1.23360920e-01 6.00358278e-05 1.02138908e-11 
 8.00417873e-02 7.58966585e-01 3.57286617e-02 5.63165501e-07 1.25197165e-01 6.52379763e-05 1.03040221e-11 
 7.82027074e-02 7.58980024e-01 3.57848919e-02 5.68054780e-07 1.26961299e-01 7.05096506e-05 1.03934793e-11 
 7.64908446e-02 7.58940541e-01 3.58392868e-02 5.72900406e-07 1.28652942e-01 7.58129662e-05 1.04821379e-11 
 7.49020833e-02 7.58852631e-01 3.58915851e-02 5.77695558e-07 1.30272013e-01 8.11103015e-05 1.05698729e-11 
 7.34318793e-02 7.58720894e-01 3.59415612e-02 5.82433451e-07 1.31818718e-01 8.63651571e-05 1.06565603e-11 
 7.20753298e-02 7.58549974e-01 3.59890284e-02 5.87107390e-07 1.33293538e-01 9.15429347e-05 1.07420776e-11 
 7.08272447e-02 7.58344499e-01 3.60338413e-02 5.91710824e-07 1.34697211e-01 9.66116104e-05 1.08263049e-11 
 6.96822163e-02 7.58109031e-01 3.60758957e-02 5.96237410e-07 1.36030719e-01 1.01542283e-04 1.09091261e-11 
 6.86346866e-02 7.57848011e-01 3.61151279e-02 6.00681072e-07 1.37295264e-01 1.06309583e-04 1.09904300e-11 
 6.76790117e-02 7.57565725e-01 3.61515126e-02 6.05036058e-07 1.38492253e-01 1.10891946e-04 1.10701115e-11 
 6.68095216e-02 7.57266261e-01 3.61850597e-02 6.09296999e-07 1.39623277e-01 1.15271746e-04 1.11480723e-11 
 6.60205745e-02 7.56953480e-01 3.62158107e-02 6.13458956e-07 1.40690086e-01 1.19435303e-04 1.12242220e-11 
 6.53066064e-02 7.56630996e-01 3.62438351e-02 6.17517465e-07 1.41694572e-01 1.23372781e-04 1.12984790e-11 
 6.46621744e-02 7.56302153e-01 3.62692255e-02 6.21468573e-07 1.42638747e-01 1.27077989e-04 1.13707709e-11 
 6.40819931e-02 7.55970018e-01 3.62920941e-02 6.25308856e-07 1.43524721e-01 1.30548110e-04 1.14410351e-11 
 6.35609667e-02 7.55637369e-01 3.63125678e-02 6.29035445e-07 1.44354684e-01 1.33783372e-04 1.15092191e-11 
 6.30942135e-02 7.55306696e-01 3.63307850e-02 6.32646026e-07 1.45130886e-01 1.36786690e-04 1.15752805e-11 
 6.26770857e-02 7.54980203e-01 3.63468917e-02 6.36138842e-07 1.45855620e-01 1.39563280e-04 1.16391872e-11 
 6.23051839e-02 7.54659815e-01 3.63610380e-02 6.39512681e-07 1.46531203e-01 1.42120280e-04 1.17009170e-11 
 6.19743661e-02 7.54347186e-01 3.63733760e-02 6.42766864e-07 1.47159963e-01 1.44466372e-04 1.17604575e-11 
 6.16807531e-02 7.54043710e-01 3.63840567e-02 6.45901214e-07 1.47744222e-01 1.46611433e-04 1.18178055e-11 
 6.14207298e-02 7.53750541e-01 3.63932282e-02 6.48916038e-07 1.48286286e-01 1.48566203e-04 1.18729666e-11 
 6.11909426e-02 7.53468600e-01 3.64010341e-02 6.51812087e-07 1.48788429e-01 1.50341996e-04 1.19259545e-11 
 6.09882947e-02 7.53198602e-01 3.64076120e-02 6.54590525e-07 1.49252887e-01 1.51950436e-04 1.19767905e-11 
 6.08099386e-02 7.52941064e-01 3.64130927e-02 6.57252891e-07 1.49681844e-01 1.53403238e-04 1.20255028e-11 
 6.06532668e-02 7.52696333e-01 3.64175992e-02 6.59801064e-07 1.50077429e-01 1.54712016e-04 1.20721257e-11 
 6.05159009e-02 7.52464595e-01 3.64212464e-02 6.62237221e-07 1.50441707e-01 1.55888132e-04 1.21166991e-11 
 6.03956795e-02 7.52245900e-01 3.64241410e-02 6.64563800e-07 1.50776673e-01 1.56942573e-04 1.21592677e-11 
 6.02906457e-02 7.52040174e-01 3.64263808e-02 6.66783466e-07 1.51084247e-01 1.57885858e-04 1.21998801e-11 
 6.01990341e-02 7.51847241e-01 3.64280556e-02 6.68899075e-07 1.51366273e-01 1.58727969e-04 1.22385885e-11 
 6.01192568e-02 7.51666833e-01 3.64292467e-02 6.70913635e-07 1.51624514e-01 1.59478307e-04 1.22754482e-11 
 6.00498910e-02 7.51498610e-01 3.64300272e-02 6.72830284e-07 1.51860654e-01 1.60145661e-04 1.23105163e-11 
 5.99896650e-02 7.51342169e-01 3.64304631e-02 6.74652252e-07 1.52076290e-01 1.60738202e-04 1.23438522e-11 
 5.99374460e-02 7.51197059e-01 3.64306128e-02 6.76382838e-07 1.52272942e-01 1.61263480e-04 1.23755161e-11 
 5.98922279e-02 7.51062795e-01 3.64305280e-02 6.78025388e-07 1.52452043e-01 1.61728438e-04 1.24055692e-11 
 5.98531190e-02 7.50938862e-01 3.64302542e-02 6.79583265e-07 1.52614946e-01 1.62139428e-04 1.24340730e-11 
 5.98193321e-02 7.50824727e-01 3.64298309e-02 6.81059838e-07 1.52762926e-01 1.62502244e-04 1.24610893e-11 
 5.97901730e-02 7.50719851e-01 3.64292926e-02 6.82458458e-07 1.52897179e-01 1.62822143e-04 1.24866793e-11 
 5.97650316e-02 7.50623687e-01 3.64286687e-02 6.83782444e-07 1.53018825e-01 1.63103883e-04 1.25109038e-11 
 5.97433730e-02 7.50535696e-01 3.64279843e-02 6.85035071e-07 1.53128909e-01 1.63351754e-04 1.25338226e-11 
 5.97247290e-02 7.50455345e-01 3.64272606e-02 6.86219558e-07 1.53228410e-01 1.63569613e-04 1.25554947e-11 
 5.97086908e-02 7.50382112e-01 3.64265152e-02 6.87339056e-07 1.53318233e-01 1.63760921e-04 1.25759777e-11 
 5.96949022e-02 7.50315493e-01 3.64257628e-02 6.88396642e-07 1.53399224e-01 1.63928772e-04 1.25953280e-11 
 5.96830534e-02 7.50255002e-01 3.64250152e-02 6.89395311e-07 1.53472164e-01 1.64075928e-04 1.26136003e-11 
 5.96728755e-02 7.50200171e-01 3.64242819e-02 6.90337972e-07 1.53537777e-01 1.64204850e-04 1.26308478e-11 
 5.96641355e-02 7.50150557e-01 3.64235703e-02 6.91227442e-07 1.53596728e-01 1.64317725e-04 1.26471220e-11 
 5.96566318e-02 7.50105738e-01 3.64228861e-02 6.92066443e-07 1.53649635e-01 1.64416498e-04 1.26624729e-11 
 5.96501902e-02 7.50065318e-01 3.64222335e-02 6.92857601e-07 1.53697063e-01 1.64502893e-04 1.26769484e-11 
 5.96446606e-02 7.50028921e-01 3.64216152e-02 6.93603445e-07 1.53739531e-01 1.64578443e-04 1.26905949e-11 
 5.96399135e-02 7.49996198e-01 3.64210331e-02 6.94306404e-07 1.53777516e-01 1.64644509e-04 1.27034566e-11 
 5.96358376e-02 7.49966823e-01 3.64204881e-02 6.94968808e-07 1.53811454e-01 1.64702309e-04 1.27155764e-11 
 5.96323374e-02 7.49940490e-01 3.64199803e-02 6.95592891e-07 1.53841744e-01 1.64752940e-04 1.27269950e-11 
 5.96293309e-02 7.49916918e-01 3.64195091e-02 6.96180789e-07 1.53868748e-01 1.64797402e-04 1.27377515e-11 
