 T, h at the stagnation point 
 3.50000000e+02 2.60786472e+06 
 4.53899950e+02 2.75100408e+06 
 5.61940253e+02 2.90210780e+06 
 6.72116479e+02 3.06028645e+06 
 7.81765486e+02 3.22420898e+06 
 8.89149578e+02 3.39274946e+06 
 9.95459047e+02 3.56568535e+06 
 1.10192606e+03 3.74318371e+06 
 1.20890085e+03 3.92516300e+06 
 1.31644419e+03 4.11139609e+06 
 1.42453806e+03 4.30165340e+06 
 1.53312979e+03 4.49571716e+06 
 1.64214711e+03 4.69338153e+06 
 1.75150194e+03 4.89445059e+06 
 1.86109262e+03 5.09874128e+06 
 1.97080500e+03 5.30604979e+06 
 2.08038328e+03 5.51615835e+06 
 2.18981913e+03 5.72892030e+06 
 2.29909963e+03 5.94422533e+06 
 2.40815735e+03 6.16193644e+06 
 2.51691602e+03 6.38190973e+06 
 2.62528980e+03 6.60400059e+06 
 2.73318367e+03 6.82806065e+06 
 2.84049422e+03 7.05393740e+06 
 2.94711014e+03 7.28147361e+06 
 3.05291277e+03 7.51050701e+06 
 3.15777676e+03 7.74087006e+06 
 3.26157093e+03 7.97238993e+06 
 3.36415918e+03 8.20488867e+06 
 3.46540176e+03 8.43818348e+06 
 3.56515671e+03 8.67208724e+06 
 3.66328149e+03 8.90640911e+06 
 3.75963489e+03 9.14095530e+06 
 3.85407891e+03 9.37552988e+06 
 3.94648072e+03 9.60993556e+06 
 4.03671448e+03 9.84397454e+06 
 4.12466283e+03 1.00774491e+07 
 4.21021812e+03 1.03101622e+07 
 4.29328315e+03 1.05419177e+07 
 4.37377144e+03 1.07725207e+07 
 4.45160721e+03 1.10017777e+07 
 4.52672494e+03 1.12294963e+07 
 4.59906882e+03 1.14554854e+07 
 4.66859220e+03 1.16795551e+07 
 4.73525711e+03 1.19015172e+07 
 4.79903409e+03 1.21211851e+07 
 4.85990234e+03 1.23383744e+07 
 4.91785016e+03 1.25529040e+07 
 4.97287584e+03 1.27645964e+07 
 5.02498859e+03 1.29732789e+07 
 5.07420967e+03 1.31787847e+07 
 5.12057339e+03 1.33809534e+07 
 5.16412786e+03 1.35796326e+07 
 5.20493540e+03 1.37746777e+07 
 5.24307236e+03 1.39659532e+07 
 5.27862856e+03 1.41533328e+07 
 5.31170608e+03 1.43366995e+07 
 5.34241764e+03 1.45159459e+07 
 5.37088458e+03 1.46909743e+07 
 5.39723461e+03 1.48616961e+07 
 5.42159941e+03 1.50280324e+07 
 5.44411229e+03 1.51899135e+07 
 5.46490591e+03 1.53472790e+07 
 5.48411033e+03 1.55000778e+07 
 5.50185123e+03 1.56482681e+07 
 5.51824855e+03 1.57918177e+07 
 5.53341545e+03 1.59307038e+07 
 5.54745756e+03 1.60649134e+07 
 5.56047260e+03 1.61944433e+07 
 5.57255023e+03 1.63193003e+07 
 5.58377213e+03 1.64395010e+07 
 5.59421226e+03 1.65550719e+07 
 5.60393728e+03 1.66660493e+07 
 5.61300702e+03 1.67724792e+07 
 5.62147504e+03 1.68744169e+07 
 5.62938921e+03 1.69719266e+07 
 5.63679227e+03 1.70650811e+07 
 5.64372242e+03 1.71539612e+07 
 5.65021381e+03 1.72386552e+07 
 5.65629708e+03 1.73192582e+07 
 5.66199981e+03 1.73958718e+07 
 5.66734687e+03 1.74686027e+07 
 5.67236084e+03 1.75375627e+07 
 5.67706228e+03 1.76028677e+07 
 5.68147002e+03 1.76646370e+07 
 5.68560139e+03 1.77229924e+07 
 5.68947240e+03 1.77780580e+07 
 5.69309794e+03 1.78299591e+07 
 5.69649187e+03 1.78788217e+07 
 5.69966717e+03 1.79247721e+07 
 5.70263600e+03 1.79679359e+07 
 5.70540981e+03 1.80084381e+07 
 5.70799935e+03 1.80464020e+07 
 5.71041477e+03 1.80819492e+07 
 5.71266559e+03 1.81151990e+07 
 5.71476075e+03 1.81462681e+07 
 5.71670864e+03 1.81752706e+07 
 5.71851703e+03 1.82023172e+07 
 5.72019313e+03 1.82275152e+07 
 5.72174351e+03 1.82509687e+07 
 Species at the stagnation point 
 1.35627585e-02 5.79597083e-01 3.25916375e-01 1.92864757e-08 8.07924755e-02 1.31288688e-04 3.52877211e-13 
 1.05683561e-02 5.80348554e-01 3.26071548e-01 2.04157095e-08 8.28397074e-02 1.71814522e-04 3.73538367e-13 
 7.48744323e-03 5.81170262e-01 3.26133811e-01 2.36088226e-08 8.49581872e-02 2.50273055e-04 4.31961527e-13 
 4.55882229e-03 5.82046318e-01 3.25890439e-01 2.89979063e-08 8.70761238e-02 4.28267309e-04 5.30563513e-13 
 2.33328243e-03 5.82946148e-01 3.24833446e-01 3.68171648e-08 8.90206412e-02 8.66445431e-04 6.73629471e-13 
 1.19387247e-03 5.83848948e-01 3.22612459e-01 4.67748661e-08 9.06602727e-02 1.68440127e-03 8.55821694e-13 
 7.28030762e-04 5.84764899e-01 3.19621270e-01 5.78495396e-08 9.21467034e-02 2.73903845e-03 1.05845073e-12 
 5.10908786e-04 5.85713752e-01 3.16260309e-01 6.91140422e-08 9.36095700e-02 3.90539168e-03 1.26455299e-12 
 3.88840655e-04 5.86704034e-01 3.12672671e-01 8.01182881e-08 9.50906879e-02 5.14368727e-03 1.46589343e-12 
 3.11475270e-04 5.87737704e-01 3.08904443e-01 9.07675361e-08 9.66067680e-02 6.43951907e-03 1.66073862e-12 
 2.58277401e-04 5.88815068e-01 3.04974301e-01 1.01179313e-07 9.81648187e-02 7.78743365e-03 1.85123888e-12 
 2.19511980e-04 5.89935571e-01 3.00891266e-01 1.11660854e-07 9.97680730e-02 9.18546655e-03 2.04301560e-12 
 1.90023995e-04 5.91098077e-01 2.96660466e-01 1.22862753e-07 1.01418189e-01 1.06331207e-02 2.24797243e-12 
 1.66855900e-04 5.92300966e-01 2.92285295e-01 1.36273376e-07 1.03116078e-01 1.21306687e-02 2.49334143e-12 
 1.48053137e-04 5.93542386e-01 2.87768498e-01 1.55545258e-07 1.04861652e-01 1.36792550e-02 2.84595163e-12 
 1.33135829e-04 5.94819261e-01 2.83111769e-01 1.90147828e-07 1.06657220e-01 1.52784238e-02 3.47906151e-12 
 1.63104262e-04 5.96127262e-01 2.78278545e-01 2.62796142e-07 1.08486664e-01 1.69441620e-02 4.80827972e-12 
 2.17169052e-04 5.97463481e-01 2.73292712e-01 3.88764023e-07 1.10357592e-01 1.86686577e-02 7.11306547e-12 
 2.80336429e-04 5.98825406e-01 2.68173622e-01 5.78045017e-07 1.12272083e-01 2.04479746e-02 1.05762669e-11 
 3.52041574e-04 6.00209549e-01 2.62927076e-01 8.45160826e-07 1.14228276e-01 2.22822121e-02 1.54635818e-11 
 4.31567456e-04 6.01612229e-01 2.57558938e-01 1.20829782e-06 1.16224992e-01 2.41710657e-02 2.21077595e-11 
 5.17921864e-04 6.03029724e-01 2.52075276e-01 1.68810070e-06 1.18260982e-01 2.61144068e-02 3.08865278e-11 
 6.09911470e-04 6.04458202e-01 2.46482351e-01 2.30693676e-06 1.20335097e-01 2.81121313e-02 4.22091326e-11 
 7.06189016e-04 6.05893697e-01 2.40786618e-01 3.08839581e-06 1.22446241e-01 3.01641660e-02 5.65071876e-11 
 8.05302866e-04 6.07332099e-01 2.34994727e-01 4.05683591e-06 1.24593345e-01 3.22704692e-02 7.42263627e-11 
 9.05743665e-04 6.08769134e-01 2.29113516e-01 5.23690807e-06 1.26775337e-01 3.44310320e-02 9.58176882e-11 
 1.00598714e-03 6.10200345e-01 2.23150023e-01 6.65305588e-06 1.28991114e-01 3.66458778e-02 1.21728399e-10 
 1.10453250e-03 6.11621080e-01 2.17111487e-01 8.32900146e-06 1.31239511e-01 3.89150593e-02 1.52392529e-10 
 1.19993627e-03 6.13026469e-01 2.11005378e-01 1.02872318e-05 1.33519278e-01 4.12386518e-02 1.88221514e-10 
 1.29084172e-03 6.14411404e-01 2.04839425e-01 1.25484997e-05 1.35829037e-01 4.36167425e-02 2.29595061e-10 
 1.37600385e-03 6.15770521e-01 1.98621672e-01 1.51313544e-05 1.38167256e-01 4.60494150e-02 2.76852559e-10 
 1.45431049e-03 6.17098171e-01 1.92360533e-01 1.80517155e-05 1.40532204e-01 4.85367284e-02 3.30285280e-10 
 1.52479918e-03 6.18388399e-01 1.86064874e-01 2.13225029e-05 1.42921913e-01 5.10786925e-02 3.90129616e-10 
 1.58667028e-03 6.19634918e-01 1.79744086e-01 2.49533345e-05 1.45334132e-01 5.36752401e-02 4.56561543e-10 
 1.63929591e-03 6.20831095e-01 1.73408168e-01 2.89502977e-05 1.47766293e-01 5.63261967e-02 5.29692437e-10 
 1.68222487e-03 6.21969942e-01 1.67067792e-01 3.33157976e-05 1.50215473e-01 5.90312525e-02 6.09566306e-10 
 1.71518338e-03 6.23044116e-01 1.60734347e-01 3.80484810e-05 1.52678369e-01 6.17899354e-02 6.96158390e-10 
 1.73807163e-03 6.24045947e-01 1.54419957e-01 4.31432297e-05 1.55151290e-01 6.46015901e-02 7.89375043e-10 
 1.75095640e-03 6.24967484e-01 1.48137450e-01 4.85912139e-05 1.57630156e-01 6.74653623e-02 8.89054709e-10 
 1.75406012e-03 6.25800558e-01 1.41900284e-01 5.43799956e-05 1.60110527e-01 7.03801895e-02 9.94969817e-10 
 1.74774677e-03 6.26536890e-01 1.35722428e-01 6.04936733e-05 1.62587643e-01 7.33447973e-02 1.10682942e-09 
 1.73250541e-03 6.27168209e-01 1.29618190e-01 6.69130590e-05 1.65056483e-01 7.63576994e-02 1.22428245e-09 
 1.70893192e-03 6.27686404e-01 1.23602006e-01 7.36158857e-05 1.67511842e-01 7.94171991e-02 1.34692148e-09 
 1.67770970e-03 6.28083700e-01 1.17688202e-01 8.05770464e-05 1.69948421e-01 8.25213887e-02 1.47428716e-09 
 1.63959003e-03 6.28352838e-01 1.11890737e-01 8.77688689e-05 1.72360920e-01 8.56681453e-02 1.60587316e-09 
 1.59537254e-03 6.28487274e-01 1.06222935e-01 9.51614345e-05 1.74744136e-01 8.88551193e-02 1.74113208e-09 
 1.54588642e-03 6.28481371e-01 1.00697243e-01 1.02722947e-04 1.77093060e-01 9.20797153e-02 1.87948217e-09 
 1.49197252e-03 6.28330583e-01 9.53249982e-02 1.10420159e-04 1.79402958e-01 9.53390654e-02 2.02031509e-09 
 1.43446678e-03 6.28031617e-01 9.01162455e-02 1.18218851e-04 1.81669453e-01 9.86299961e-02 2.16300475e-09 
 1.37418514e-03 6.27582568e-01 8.50795869e-02 1.26084364e-04 1.83888580e-01 1.01948993e-01 2.30691701e-09 
 1.31191019e-03 6.26983020e-01 8.02220897e-02 1.33982167e-04 1.86056830e-01 1.05292166e-01 2.45142006e-09 
 1.24837957e-03 6.26234103e-01 7.55492406e-02 1.41878438e-04 1.88171178e-01 1.08655218e-01 2.59589508e-09 
 1.18427649e-03 6.25338506e-01 7.10649510e-02 1.49740639e-04 1.90229092e-01 1.12033431e-01 2.73974675e-09 
 1.12022228e-03 6.24300448e-01 6.67716052e-02 1.57538055e-04 1.92228527e-01 1.15421657e-01 2.88241306e-09 
 1.05677113e-03 6.23125597e-01 6.26701464e-02 1.65242263e-04 1.94167908e-01 1.18814332e-01 3.02337399e-09 
 9.94407085e-04 6.21820959e-01 5.87601917e-02 1.72827522e-04 1.96046101e-01 1.22205510e-01 3.16215855e-09 
 9.33543024e-04 6.20394725e-01 5.50401674e-02 1.80271050e-04 1.97862376e-01 1.25588913e-01 3.29834991e-09 
 8.74521673e-04 6.18856100e-01 5.15074553e-02 1.87553194e-04 1.99616368e-01 1.28957998e-01 3.43158850e-09 
 8.17618283e-04 6.17215107e-01 4.81585440e-02 1.94657483e-04 2.01308033e-01 1.32306037e-01 3.56157294e-09 
 7.63044726e-04 6.15482386e-01 4.49891772e-02 2.01570574e-04 2.02937605e-01 1.35626213e-01 3.68805910e-09 
 7.10954679e-04 6.13668993e-01 4.19944942e-02 2.08282105e-04 2.04505557e-01 1.38911714e-01 3.81085739e-09 
 6.61449539e-04 6.11786207e-01 3.91691597e-02 2.14784476e-04 2.06012562e-01 1.42155832e-01 3.92982876e-09 
 6.14584756e-04 6.09845345e-01 3.65074792e-02 2.21072571e-04 2.07459458e-01 1.45352056e-01 4.04487961e-09 
 5.70376278e-04 6.07857597e-01 3.40035009e-02 2.27143458e-04 2.08847219e-01 1.48494160e-01 4.15595629e-09 
 5.28806852e-04 6.05833886e-01 3.16511025e-02 2.32996065e-04 2.10176928e-01 1.51576276e-01 4.26303919e-09 
 4.89832006e-04 6.03784742e-01 2.94440636e-02 2.38630870e-04 2.11449761e-01 1.54592966e-01 4.36613705e-09 
 4.53385544e-04 6.01720208e-01 2.73761268e-02 2.44049605e-04 2.12666959e-01 1.57539266e-01 4.46528154e-09 
 4.19384482e-04 5.99649757e-01 2.54410459e-02 2.49254985e-04 2.13829826e-01 1.60410727e-01 4.56052239e-09 
 3.87733382e-04 5.97582236e-01 2.36326257e-02 2.54250483e-04 2.14939707e-01 1.63203442e-01 4.65192308e-09 
 3.58328069e-04 5.95525834e-01 2.19447529e-02 2.59040122e-04 2.15997986e-01 1.65914054e-01 4.73955725e-09 
 3.31058762e-04 5.93488051e-01 2.03714208e-02 2.63628320e-04 2.17006073e-01 1.68539763e-01 4.82350575e-09 
 3.05812652e-04 5.91475695e-01 1.89067481e-02 2.68019762e-04 2.17965403e-01 1.71078316e-01 4.90385427e-09 
 2.82475994e-04 5.89494885e-01 1.75449942e-02 2.72219301e-04 2.18877429e-01 1.73527991e-01 4.98069162e-09 
 2.60935754e-04 5.87551061e-01 1.62805702e-02 2.76231890e-04 2.19743617e-01 1.75887579e-01 5.05410842e-09 
 2.41080893e-04 5.85649007e-01 1.51080485e-02 2.80062532e-04 2.20565445e-01 1.78156351e-01 5.12419618e-09 
 2.22803331e-04 5.83792873e-01 1.40221695e-02 2.83716245e-04 2.21344396e-01 1.80334037e-01 5.19104677e-09 
 2.05998647e-04 5.81986210e-01 1.30178467e-02 2.87198051e-04 2.22081958e-01 1.82420783e-01 5.25475203e-09 
 1.90566577e-04 5.80231998e-01 1.20901716e-02 2.90512959e-04 2.22779619e-01 1.84417126e-01 5.31540361e-09 
 1.76411330e-04 5.78532683e-01 1.12344161e-02 2.93665964e-04 2.23438867e-01 1.86323952e-01 5.37309294e-09 
 1.63441784e-04 5.76890210e-01 1.04460357e-02 2.96662050e-04 2.24061180e-01 1.88142464e-01 5.42791117e-09 
 1.51571563e-04 5.75306063e-01 9.72067042e-03 2.99506187e-04 2.24648033e-01 1.89874150e-01 5.47994924e-09 
 1.40719048e-04 5.73781296e-01 9.05414596e-03 3.02203335e-04 2.25200885e-01 1.91520745e-01 5.52929792e-09 
 1.30807318e-04 5.72316571e-01 8.44247405e-03 3.04758446e-04 2.25721182e-01 1.93084201e-01 5.57604781e-09 
 1.21764054e-04 5.70912193e-01 7.88185192e-03 3.07176462e-04 2.26210352e-01 1.94566657e-01 5.62028932e-09 
 1.13521408e-04 5.69568141e-01 7.36866135e-03 3.09462313e-04 2.26669801e-01 1.95970407e-01 5.66211264e-09 
 1.06015850e-04 5.68284099e-01 6.89946698e-03 3.11620911e-04 2.27100913e-01 1.97297878e-01 5.70160769e-09 
 9.91880047e-05 5.67059492e-01 6.47101414e-03 3.13657149e-04 2.27505044e-01 1.98551598e-01 5.73886395e-09 
 9.29824683e-05 5.65893509e-01 6.08022593e-03 3.15575889e-04 2.27883522e-01 1.99734179e-01 5.77397039e-09 
 8.73476324e-05 5.64785135e-01 5.72419988e-03 3.17381952e-04 2.28237641e-01 2.00848289e-01 5.80701522e-09 
 8.22354979e-05 5.63733173e-01 5.40020400e-03 3.19080112e-04 2.28568664e-01 2.01896638e-01 5.83808580e-09 
 7.76014920e-05 5.62736274e-01 5.10567236e-03 3.20675082e-04 2.28877817e-01 2.02881954e-01 5.86726836e-09 
 7.34042861e-05 5.61792954e-01 4.83820021e-03 3.22171505e-04 2.29166290e-01 2.03806975e-01 5.89464784e-09 
 6.96056171e-05 5.60901619e-01 4.59553874e-03 3.23573939e-04 2.29435232e-01 2.04674425e-01 5.92030763e-09 
 6.61701124e-05 5.60060585e-01 4.37558943e-03 3.24886846e-04 2.29685754e-01 2.05487009e-01 5.94432939e-09 
 6.30651199e-05 5.59268093e-01 4.17639816e-03 3.26114582e-04 2.29918926e-01 2.06247397e-01 5.96679280e-09 
 6.02605423e-05 5.58522328e-01 3.99614913e-03 3.27261382e-04 2.30135777e-01 2.06958219e-01 5.98777535e-09 
 5.77286774e-05 5.57821431e-01 3.83315851e-03 3.28331348e-04 2.30337293e-01 2.07622052e-01 6.00735210e-09 
 5.54440641e-05 5.57163517e-01 3.68586805e-03 3.29328438e-04 2.30524419e-01 2.08241418e-01 6.02559549e-09 
 5.33833388e-05 5.56546680e-01 3.55283898e-03 3.30256438e-04 2.30698058e-01 2.08818777e-01 6.04257474e-09 
 5.15250885e-05 5.55969010e-01 3.43274528e-03 3.31119133e-04 2.30859072e-01 2.09356522e-01 6.05835913e-09 
