 T, h at the stagnation point 
 7.50000000e+02 8.65268762e+06 
 8.24129297e+02 8.74517511e+06 
 8.98392420e+02 8.83968721e+06 
 9.72894302e+02 8.93611928e+06 
 1.04770146e+03 9.03437540e+06 
 1.12285836e+03 9.13436614e+06 
 1.19839573e+03 9.23600744e+06 
 1.27433443e+03 9.33921937e+06 
 1.35068752e+03 9.44392515e+06 
 1.42746134e+03 9.55005023e+06 
 1.50465628e+03 9.65752146e+06 
 1.58226720e+03 9.76626635e+06 
 1.66028384e+03 9.87621242e+06 
 1.73869104e+03 9.98728663e+06 
 1.81746896e+03 1.00994148e+07 
 1.89659316e+03 1.02125208e+07 
 1.97603425e+03 1.03265256e+07 
 2.05575784e+03 1.04413460e+07 
 2.13572923e+03 1.05568984e+07 
 2.21591139e+03 1.06730984e+07 
 2.29626238e+03 1.07898583e+07 
 2.37673532e+03 1.09070868e+07 
 2.45727885e+03 1.10246895e+07 
 2.53783737e+03 1.11425685e+07 
 2.61835137e+03 1.12606232e+07 
 2.69875775e+03 1.13787502e+07 
 2.77899014e+03 1.14968431e+07 
 2.85897924e+03 1.16147935e+07 
 2.93865328e+03 1.17324906e+07 
 3.01793834e+03 1.18498220e+07 
 3.09675885e+03 1.19666738e+07 
 3.17503800e+03 1.20829313e+07 
 3.25269820e+03 1.21984792e+07 
 3.32966160e+03 1.23132021e+07 
 3.40585051e+03 1.24269851e+07 
 3.48118792e+03 1.25397143e+07 
 3.55559795e+03 1.26512770e+07 
 3.62900633e+03 1.27615626e+07 
 3.70134083e+03 1.28704632e+07 
 3.77253169e+03 1.29778735e+07 
 3.84251201e+03 1.30836918e+07 
 3.91121812e+03 1.31878202e+07 
 3.97858990e+03 1.32901653e+07 
 4.04457112e+03 1.33906384e+07 
 4.10910965e+03 1.34891559e+07 
 4.17215770e+03 1.35856397e+07 
 4.23367201e+03 1.36800174e+07 
 4.29361398e+03 1.37722227e+07 
 4.35194977e+03 1.38621957e+07 
 4.40865041e+03 1.39498828e+07 
 4.46369174e+03 1.40352369e+07 
 4.51705450e+03 1.41182179e+07 
 4.56872424e+03 1.41987921e+07 
 4.61869126e+03 1.42769328e+07 
 4.66695050e+03 1.43526198e+07 
 4.71350146e+03 1.44258396e+07 
 4.75834800e+03 1.44965852e+07 
 4.80149823e+03 1.45648561e+07 
 4.84296425e+03 1.46306576e+07 
 4.88276205e+03 1.46940015e+07 
 4.92091117e+03 1.47549048e+07 
 4.95743459e+03 1.48133902e+07 
 4.99235841e+03 1.48694855e+07 
 5.02571167e+03 1.49232235e+07 
 5.05752603e+03 1.49746411e+07 
 5.08783559e+03 1.50237798e+07 
 5.11667659e+03 1.50706847e+07 
 5.14408720e+03 1.51154044e+07 
 5.17010722e+03 1.51579906e+07 
 5.19477786e+03 1.51984980e+07 
 5.21814154e+03 1.52369832e+07 
 5.24024158e+03 1.52735053e+07 
 5.26112205e+03 1.53081249e+07 
 5.28082749e+03 1.53409041e+07 
 5.29940278e+03 1.53719059e+07 
 5.31689288e+03 1.54011941e+07 
 5.33334268e+03 1.54288331e+07 
 5.34879682e+03 1.54548874e+07 
 5.36329957e+03 1.54794212e+07 
 5.37689463e+03 1.55024987e+07 
 5.38962502e+03 1.55241834e+07 
 5.40153299e+03 1.55445381e+07 
 5.41265987e+03 1.55636245e+07 
 5.42304603e+03 1.55815036e+07 
 5.43273074e+03 1.55982346e+07 
 5.44175214e+03 1.56138757e+07 
 5.45014719e+03 1.56284835e+07 
 5.45795158e+03 1.56421129e+07 
 5.46519974e+03 1.56548172e+07 
 5.47192480e+03 1.56666479e+07 
 5.47815857e+03 1.56776549e+07 
 5.48393150e+03 1.56878859e+07 
 5.48927276e+03 1.56973869e+07 
 5.49421017e+03 1.57062022e+07 
 5.49877023e+03 1.57143738e+07 
 5.50297820e+03 1.57219422e+07 
 5.50685804e+03 1.57289459e+07 
 5.51043251e+03 1.57354214e+07 
 5.51372317e+03 1.57414036e+07 
 5.51675046e+03 1.57469256e+07 
 Species at the stagnation point 
 1.55686244e-07 6.43117133e-01 2.22079553e-04 6.24461407e-07 2.32050172e-01 1.24609836e-01 1.14255296e-11 
 7.29066046e-09 6.43066864e-01 1.62677589e-04 6.24656771e-07 2.32078356e-01 1.24691470e-01 1.14291041e-11 
 1.80108961e-08 6.42967536e-01 1.26439739e-04 6.24961900e-07 2.32099503e-01 1.24805878e-01 1.14346870e-11 
 1.34211314e-08 6.42832673e-01 1.03441982e-04 6.25332688e-07 2.32117074e-01 1.24946172e-01 1.14414711e-11 
 1.16154665e-08 6.42670536e-01 8.80871037e-05 6.25756653e-07 2.32132835e-01 1.25107904e-01 1.14492283e-11 
 1.02005135e-08 6.42486337e-01 7.73231952e-05 6.26225595e-07 2.32147726e-01 1.25287977e-01 1.14578083e-11 
 9.16770497e-09 6.42283592e-01 6.94138176e-05 6.26734229e-07 2.32162240e-01 1.25484118e-01 1.14671146e-11 
 8.36683242e-09 6.42064813e-01 6.33402034e-05 6.27278449e-07 2.32176634e-01 1.25694577e-01 1.14770720e-11 
 7.72284276e-09 6.41831890e-01 5.84891299e-05 6.27855134e-07 2.32191035e-01 1.25917950e-01 1.14876234e-11 
 7.18752910e-09 6.41586306e-01 5.44811668e-05 6.28464783e-07 2.32205500e-01 1.26153078e-01 1.14987779e-11 
 6.73017672e-09 6.41329269e-01 5.10736987e-05 6.29113510e-07 2.32220047e-01 1.26398974e-01 1.15106474e-11 
 6.33024888e-09 6.41061798e-01 4.81050334e-05 6.29858234e-07 2.32234676e-01 1.26654785e-01 1.15242733e-11 
 5.97325120e-09 6.40784775e-01 4.54612027e-05 6.30847488e-07 2.32249375e-01 1.26919751e-01 1.15423733e-11 
 5.64813500e-09 6.40498984e-01 4.30552941e-05 6.32930427e-07 2.32264129e-01 1.27193193e-01 1.15804840e-11 
 5.34560692e-09 6.40205137e-01 4.08133837e-05 6.38134018e-07 2.32278921e-01 1.27474485e-01 1.16756921e-11 
 5.05620323e-09 6.39903901e-01 3.86626990e-05 6.56507181e-07 2.32293732e-01 1.27763043e-01 1.20118588e-11 
 4.77162251e-09 6.39595939e-01 3.65213349e-05 7.07118548e-07 2.32308534e-01 1.28058293e-01 1.29378755e-11 
 5.46061217e-09 6.39281905e-01 3.43222086e-05 8.69397452e-07 2.32323259e-01 1.28359639e-01 1.59070300e-11 
 6.71706405e-09 6.38962380e-01 3.21613567e-05 1.14751363e-06 2.32337824e-01 1.28666481e-01 2.09956146e-11 
 8.16086705e-09 6.38637883e-01 3.01819492e-05 1.52297382e-06 2.32352157e-01 1.28978246e-01 2.78652649e-11 
 9.82955226e-09 6.38308927e-01 2.84923460e-05 1.99919983e-06 2.32366188e-01 1.29294383e-01 3.65785886e-11 
 1.17926226e-08 6.37976007e-01 2.71770547e-05 2.58665876e-06 2.32379848e-01 1.29614369e-01 4.73270983e-11 
 1.41673095e-08 6.37639587e-01 2.63158025e-05 3.29917669e-06 2.32393069e-01 1.29937714e-01 6.03637641e-11 
 1.71411275e-08 6.37300091e-01 2.59956980e-05 4.15114852e-06 2.32405784e-01 1.30263961e-01 7.59519644e-11 
 2.10011541e-08 6.36957904e-01 2.63190543e-05 5.15688174e-06 2.32417919e-01 1.30592680e-01 9.43534773e-11 
 2.61710867e-08 6.36613368e-01 2.74087115e-05 6.33020552e-06 2.32429397e-01 1.30923470e-01 1.15821330e-10 
 3.32563998e-08 6.36266786e-01 2.94115675e-05 7.68420568e-06 2.32440134e-01 1.31255951e-01 1.40594949e-10 
 4.30972849e-08 6.35918420e-01 3.25006486e-05 9.23097251e-06 2.32450035e-01 1.31589770e-01 1.68895546e-10 
 5.68282676e-08 6.35568492e-01 3.68758723e-05 1.09813678e-05 2.32459002e-01 1.31924591e-01 2.00921854e-10 
 7.59424980e-08 6.35217189e-01 4.27635735e-05 1.29448138e-05 2.32466926e-01 1.32260101e-01 2.36846267e-10 
 1.02357801e-07 6.34864662e-01 5.04148216e-05 1.51291086e-05 2.32473691e-01 1.32596001e-01 2.76811468e-10 
 1.38480727e-07 6.34511031e-01 6.01025677e-05 1.75402727e-05 2.32479175e-01 1.32932012e-01 3.20927608e-10 
 1.87264183e-07 6.34156390e-01 7.21176780e-05 2.01824274e-05 2.32483253e-01 1.33267870e-01 3.69270094e-10 
 2.52253821e-07 6.33800809e-01 8.67639552e-05 2.30577091e-05 2.32485794e-01 1.33603323e-01 4.21878015e-10 
 3.37618303e-07 6.33444343e-01 1.04352285e-04 2.61662185e-05 2.32486669e-01 1.33938132e-01 4.78753213e-10 
 4.48158897e-07 6.33087034e-01 1.25194091e-04 2.95060055e-05 2.32485748e-01 1.34272069e-01 5.39860008e-10 
 5.89294561e-07 6.32728923e-01 1.49594307e-04 3.30730890e-05 2.32482905e-01 1.34604915e-01 6.05125561e-10 
 7.67019741e-07 6.32370048e-01 1.77844109e-04 3.68615095e-05 2.32478021e-01 1.34936457e-01 6.74440830e-10 
 9.87833495e-07 6.32010461e-01 2.10213651e-04 4.08634118e-05 2.32470987e-01 1.35266487e-01 7.47662094e-10 
 1.25864007e-06 6.31650223e-01 2.46945063e-04 4.50691562e-05 2.32461702e-01 1.35594801e-01 8.24612977e-10 
 1.58662272e-06 6.31289420e-01 2.88245934e-04 4.94674529e-05 2.32450081e-01 1.35921199e-01 9.05086917e-10 
 1.97909415e-06 6.30928159e-01 3.34283511e-04 5.40455180e-05 2.32436054e-01 1.36245478e-01 9.88850009e-10 
 2.44332832e-06 6.30566581e-01 3.85179782e-04 5.87892443e-05 2.32419569e-01 1.36567437e-01 1.07564414e-09 
 2.98637964e-06 6.30204857e-01 4.41007607e-04 6.36833862e-05 2.32400591e-01 1.36886874e-01 1.16519037e-09 
 3.61489619e-06 6.29843193e-01 5.01787976e-04 6.87117516e-05 2.32379107e-01 1.37203584e-01 1.25719243e-09 
 4.33493436e-06 6.29481834e-01 5.67488469e-04 7.38573988e-05 2.32355124e-01 1.37517360e-01 1.35134036e-09 
 5.15178182e-06 6.29121058e-01 6.38022930e-04 7.91028344e-05 2.32328670e-01 1.37827993e-01 1.44731407e-09 
 6.06979602e-06 6.28761183e-01 7.13252315e-04 8.44302075e-05 2.32299791e-01 1.38135272e-01 1.54478696e-09 
 7.09226392e-06 6.28402557e-01 7.92986665e-04 8.98214997e-05 2.32268556e-01 1.38438984e-01 1.64342935e-09 
 8.22128837e-06 6.28045561e-01 8.76988094e-04 9.52587053e-05 2.32235052e-01 1.38738917e-01 1.74291181e-09 
 9.45770476e-06 6.27690602e-01 9.64974680e-04 1.00724002e-04 2.32199385e-01 1.39034855e-01 1.84290823e-09 
 1.08010305e-05 6.27338109e-01 1.05662510e-03 1.06199908e-04 2.32161674e-01 1.39326588e-01 1.94309877e-09 
 1.22494485e-05 6.26988533e-01 1.15158389e-03 1.11669425e-04 2.32122056e-01 1.39613906e-01 2.04317243e-09 
 1.37998240e-05 6.26642334e-01 1.24946709e-03 1.17116172e-04 2.32080679e-01 1.39896602e-01 2.14282946e-09 
 1.54477536e-05 6.26299980e-01 1.34986826e-03 1.22524491e-04 2.32037702e-01 1.40174475e-01 2.24178338e-09 
 1.71876438e-05 6.25961943e-01 1.45236452e-03 1.27879549e-04 2.31993291e-01 1.40447332e-01 2.33976282e-09 
 1.90128150e-05 6.25628690e-01 1.55652267e-03 1.33167420e-04 2.31947620e-01 1.40714985e-01 2.43651295e-09 
 2.09156269e-05 6.25300678e-01 1.66190504e-03 1.38375146e-04 2.31900867e-01 1.40977257e-01 2.53179671e-09 
 2.28876212e-05 6.24978354e-01 1.76807521e-03 1.43490794e-04 2.31853210e-01 1.41233980e-01 2.62539574e-09 
 2.49196757e-05 6.24662142e-01 1.87460326e-03 1.48503484e-04 2.31804829e-01 1.41485000e-01 2.71711100e-09 
 2.70021656e-05 6.24352446e-01 1.98107061e-03 1.53403417e-04 2.31755902e-01 1.41730172e-01 2.80676318e-09 
 2.91251268e-05 6.24049644e-01 2.08707436e-03 1.58181881e-04 2.31706604e-01 1.41969368e-01 2.89419291e-09 
 3.12784170e-05 6.23754083e-01 2.19223107e-03 1.62831250e-04 2.31657103e-01 1.42202470e-01 2.97926062e-09 
 3.34518710e-05 6.23466078e-01 2.29617999e-03 1.67344968e-04 2.31607563e-01 1.42429379e-01 3.06184637e-09 
 3.56354459e-05 6.23185910e-01 2.39858566e-03 1.71717528e-04 2.31558140e-01 1.42650008e-01 3.14184941e-09 
 3.78193550e-05 6.22913826e-01 2.49913994e-03 1.75944439e-04 2.31508980e-01 1.42864287e-01 3.21918757e-09 
 3.99941863e-05 6.22650035e-01 2.59756356e-03 1.80022189e-04 2.31460221e-01 1.43072161e-01 3.29379659e-09 
 4.21510058e-05 6.22394707e-01 2.69360700e-03 1.83948199e-04 2.31411993e-01 1.43273591e-01 3.36562928e-09 
 4.42814443e-05 6.22147977e-01 2.78705098e-03 1.87720773e-04 2.31364413e-01 1.43468553e-01 3.43465462e-09 
 4.63777667e-05 6.21909945e-01 2.87770645e-03 1.91339045e-04 2.31317590e-01 1.43657038e-01 3.50085675e-09 
 4.84329248e-05 6.21680672e-01 2.96541416e-03 1.94802922e-04 2.31271620e-01 1.43839055e-01 3.56423397e-09 
 5.04405938e-05 6.21460185e-01 3.05004391e-03 1.98113024e-04 2.31226590e-01 1.44014624e-01 3.62479763e-09 
 5.23951936e-05 6.21248480e-01 3.13149347e-03 2.01270626e-04 2.31182577e-01 1.44183781e-01 3.68257105e-09 
 5.42918962e-05 6.21045518e-01 3.20968723e-03 2.04277594e-04 2.31139647e-01 1.44346575e-01 3.73758839e-09 
 5.61266201e-05 6.20851235e-01 3.28457467e-03 2.07136330e-04 2.31097856e-01 1.44503068e-01 3.78989358e-09 
 5.78960143e-05 6.20665536e-01 3.35612866e-03 2.09849708e-04 2.31057252e-01 1.44653334e-01 3.83953922e-09 
 5.95974320e-05 6.20488301e-01 3.42434364e-03 2.12421019e-04 2.31017873e-01 1.44797460e-01 3.88658551e-09 
 6.12288972e-05 6.20319389e-01 3.48923373e-03 2.14853914e-04 2.30979749e-01 1.44935541e-01 3.93109923e-09 
 6.27890647e-05 6.20158637e-01 3.55083081e-03 2.17152348e-04 2.30942902e-01 1.45067685e-01 3.97315280e-09 
 6.42771753e-05 6.20005863e-01 3.60918259e-03 2.19320535e-04 2.30907346e-01 1.45194007e-01 4.01282328e-09 
 6.56930076e-05 6.19860870e-01 3.66435069e-03 2.21362892e-04 2.30873089e-01 1.45314630e-01 4.05019151e-09 
 6.70368279e-05 6.19723448e-01 3.71640878e-03 2.23284002e-04 2.30840133e-01 1.45429686e-01 4.08534131e-09 
 6.83093387e-05 6.19593372e-01 3.76544080e-03 2.25088564e-04 2.30808473e-01 1.45539312e-01 4.11835869e-09 
 6.95116275e-05 6.19470411e-01 3.81153918e-03 2.26781361e-04 2.30778102e-01 1.45643651e-01 4.14933114e-09 
 7.06451163e-05 6.19354324e-01 3.85480329e-03 2.28367219e-04 2.30749005e-01 1.45742851e-01 4.17834698e-09 
 7.17115120e-05 6.19244866e-01 3.89533783e-03 2.29850979e-04 2.30721164e-01 1.45837065e-01 4.20549476e-09 
 7.27127595e-05 6.19141786e-01 3.93325144e-03 2.31237465e-04 2.30694560e-01 1.45926448e-01 4.23086276e-09 
 7.36509964e-05 6.19044833e-01 3.96865532e-03 2.32531460e-04 2.30669167e-01 1.46011157e-01 4.25453849e-09 
 7.45285103e-05 6.18953755e-01 4.00166202e-03 2.33737683e-04 2.30644960e-01 1.46091353e-01 4.27660828e-09 
 7.53476990e-05 6.18868299e-01 4.03238422e-03 2.34860767e-04 2.30621910e-01 1.46167194e-01 4.29715692e-09 
 7.61110324e-05 6.18788216e-01 4.06093369e-03 2.35905245e-04 2.30599988e-01 1.46238842e-01 4.31626733e-09 
 7.68210174e-05 6.18713261e-01 4.08742020e-03 2.36875533e-04 2.30579161e-01 1.46306457e-01 4.33402032e-09 
 7.74801642e-05 6.18643192e-01 4.11195053e-03 2.37775920e-04 2.30559400e-01 1.46370197e-01 4.35049435e-09 
 7.80909546e-05 6.18577775e-01 4.13462745e-03 2.38610556e-04 2.30540671e-01 1.46430221e-01 4.36576537e-09 
 7.86558103e-05 6.18516783e-01 4.15554871e-03 2.39383447e-04 2.30522944e-01 1.46486681e-01 4.37990665e-09 
 7.91770617e-05 6.18459997e-01 4.17480589e-03 2.40098447e-04 2.30506187e-01 1.46539731e-01 4.39298874e-09 
 7.96569157e-05 6.18407209e-01 4.19248316e-03 2.40759258e-04 2.30490371e-01 1.46589516e-01 4.40507934e-09 
 8.00974207e-05 6.18358221e-01 4.20865592e-03 2.41369428e-04 2.30475470e-01 1.46636181e-01 4.41624338e-09 
 8.05004299e-05 6.18312852e-01 4.22338908e-03 2.41932325e-04 2.30461459e-01 1.46679863e-01 4.42654249e-09 
 8.08675539e-05 6.18270932e-01 4.23673501e-03 2.42451401e-04 2.30448317e-01 1.46720692e-01 4.43603982e-09 
