 T, h at the stagnation point 
 1.65580000e+03 2.82764304e+06 
 1.72965465e+03 2.97258847e+06 
 1.80422048e+03 3.11976642e+06 
 1.87949900e+03 3.26916175e+06 
 1.95549000e+03 3.42075907e+06 
 2.03218648e+03 3.57453982e+06 
 2.10957691e+03 3.73048457e+06 
 2.18765688e+03 3.88857621e+06 
 2.26641535e+03 4.04879584e+06 
 2.34583651e+03 4.21112037e+06 
 2.42589947e+03 4.37552301e+06 
 2.50657639e+03 4.54197162e+06 
 2.58782973e+03 4.71042642e+06 
 2.66960806e+03 4.88083672e+06 
 2.75183923e+03 5.05313569e+06 
 2.83441927e+03 5.22723189e+06 
 2.91719371e+03 5.40299519e+06 
 2.99992674e+03 5.58023319e+06 
 3.08225361e+03 5.75865430e+06 
 3.16362474e+03 5.93782459e+06 
 3.24330020e+03 6.11716820e+06 
 3.32052580e+03 6.29610579e+06 
 3.39492224e+03 6.47432507e+06 
 3.46673420e+03 6.65194305e+06 
 3.53660207e+03 6.82936776e+06 
 3.60516666e+03 7.00703024e+06 
 3.67289232e+03 7.18524102e+06 
 3.74007366e+03 7.36418590e+06 
 3.80688729e+03 7.54396345e+06 
 3.87343521e+03 7.72461670e+06 
 3.93977323e+03 7.90615340e+06 
 4.00592844e+03 8.08855827e+06 
 4.07190977e+03 8.27180035e+06 
 4.13771454e+03 8.45583738e+06 
 4.20333259e+03 8.64061868e+06 
 4.26874901e+03 8.82608682e+06 
 4.33394601e+03 9.01217890e+06 
 4.39890428e+03 9.19882730e+06 
 4.46360392e+03 9.38596029e+06 
 4.52802525e+03 9.57350242e+06 
 4.59214937e+03 9.76137489e+06 
 4.65595864e+03 9.94949574e+06 
 4.71943705e+03 1.01377801e+07 
 4.78257055e+03 1.03261403e+07 
 4.84534723e+03 1.05144860e+07 
 4.90775754e+03 1.07027246e+07 
 4.96979437e+03 1.08907607e+07 
 5.03145313e+03 1.10784970e+07 
 5.09273175e+03 1.12658337e+07 
 5.15363066e+03 1.14526691e+07 
 5.21415266e+03 1.16388994e+07 
 5.27430288e+03 1.18244192e+07 
 5.33408858e+03 1.20091212e+07 
 5.39351899e+03 1.21928964e+07 
 5.45260516e+03 1.23756348e+07 
 5.51135971e+03 1.25572252e+07 
 5.56979667e+03 1.27375552e+07 
 5.62793127e+03 1.29165122e+07 
 5.68577978e+03 1.30939831e+07 
 5.74335937e+03 1.32698550e+07 
 5.80068798e+03 1.34440154e+07 
 5.85778426e+03 1.36163527e+07 
 5.91466756e+03 1.37867567e+07 
 5.97135794e+03 1.39551190e+07 
 6.02787633e+03 1.41213338e+07 
 6.08424470e+03 1.42852978e+07 
 6.14048630e+03 1.44469117e+07 
 6.19662606e+03 1.46060798e+07 
 6.25269103e+03 1.47627115e+07 
 6.30871096e+03 1.49167211e+07 
 6.36471895e+03 1.50680290e+07 
 6.42075226e+03 1.52165620e+07 
 6.47685321e+03 1.53622538e+07 
 6.53307030e+03 1.55050461e+07 
 6.58945933e+03 1.56448884e+07 
 6.64608487e+03 1.57817395e+07 
 6.70302176e+03 1.59155671e+07 
 6.76035695e+03 1.60463495e+07 
 6.81819154e+03 1.61740753e+07 
 6.87664312e+03 1.62987446e+07 
 6.93584852e+03 1.64203698e+07 
 6.99596705e+03 1.65389761e+07 
 7.05718424e+03 1.66546030e+07 
 7.11971646e+03 1.67673057e+07 
 7.18381641e+03 1.68771559e+07 
 7.24977988e+03 1.69842448e+07 
 7.31795425e+03 1.70886850e+07 
 7.38874913e+03 1.71906145e+07 
 7.46264991e+03 1.72902004e+07 
 7.54023545e+03 1.73876455e+07 
 7.62220125e+03 1.74831959e+07 
 7.70939037e+03 1.75771521e+07 
 7.80283540e+03 1.76698838e+07 
 7.90381659e+03 1.77618516e+07 
 8.01394367e+03 1.78536375e+07 
 8.13527300e+03 1.79459881e+07 
 8.27048126e+03 1.80399010e+07 
 8.42319726e+03 1.81366508e+07 
 8.59817180e+03 1.82379454e+07 
 8.80410619e+03 1.83471886e+07 
 Species at the stagnation point 
 1.41815451e-01 5.33726883e-01 3.22925401e-01 8.91995686e-06 1.52310882e-03 2.37202964e-07 1.63205012e-10 
 1.36373409e-01 5.35296646e-01 3.23475386e-01 8.96152040e-06 4.84482630e-03 7.71129617e-07 1.63965484e-10 
 1.30831335e-01 5.36902096e-01 3.24036445e-01 9.03199294e-06 8.21972444e-03 1.36681478e-06 1.65254893e-10 
 1.25189008e-01 5.38543191e-01 3.24608634e-01 9.13159049e-06 1.16480066e-02 2.02756832e-06 1.67077191e-10 
 1.19446399e-01 5.40219868e-01 3.25191810e-01 9.26073247e-06 1.51298948e-02 2.76677982e-06 1.69440052e-10 
 1.13605197e-01 5.41931966e-01 3.25784220e-01 9.42005397e-06 1.86651128e-02 4.08344524e-06 1.72355096e-10 
 1.07668145e-01 5.43679295e-01 3.26383128e-01 9.61041196e-06 2.22529540e-02 6.86783166e-06 1.75838003e-10 
 1.01635546e-01 5.45461711e-01 3.26988089e-01 9.83286938e-06 2.58936997e-02 1.11218931e-05 1.79908221e-10 
 9.55094122e-02 5.47279015e-01 3.27597077e-01 1.00886926e-05 2.95869296e-02 1.74777566e-05 1.84588920e-10 
 8.92929653e-02 5.49130897e-01 3.28206973e-01 1.03793741e-05 3.33319705e-02 2.68143372e-05 1.89907407e-10 
 8.29907636e-02 5.51016947e-01 3.28813462e-01 1.07066445e-05 3.71277661e-02 4.03554007e-05 1.95895347e-10 
 7.66092945e-02 5.52936610e-01 3.29410490e-01 1.10725009e-05 4.09727149e-02 5.98185514e-05 2.02589281e-10 
 7.01578621e-02 5.54889138e-01 3.29989460e-01 1.14792459e-05 4.48644166e-02 8.76440545e-05 2.10031338e-10 
 6.36499687e-02 5.56873501e-01 3.30537968e-01 1.19295415e-05 4.87992765e-02 1.27355301e-04 2.18270223e-10 
 5.71055386e-02 5.58888263e-01 3.31037761e-01 1.24264880e-05 5.27718687e-02 1.84141383e-04 2.27362661e-10 
 5.05545892e-02 5.60931365e-01 3.31461365e-01 1.29737441e-05 5.67738872e-02 2.65819798e-04 2.37375595e-10 
 4.40433905e-02 5.62999779e-01 3.31766412e-01 1.35757202e-05 6.07923955e-02 3.84447687e-04 2.48389719e-10 
 3.76447471e-02 5.65088916e-01 3.31886176e-01 1.42378997e-05 6.48069356e-02 5.58987099e-04 2.60505362e-10 
 3.14739848e-02 5.67191705e-01 3.31714852e-01 1.49673641e-05 6.87850931e-02 8.19397875e-04 2.73852091e-10 
 2.57076868e-02 5.69297527e-01 3.31090306e-01 1.57734778e-05 7.26772280e-02 1.21147882e-03 2.88601243e-10 
 2.05851447e-02 5.71392267e-01 3.29792797e-01 1.66681592e-05 7.64154394e-02 1.79768273e-03 3.04970883e-10 
 1.63495682e-02 5.73461768e-01 3.27599449e-01 1.76645104e-05 7.99291320e-02 2.64241799e-03 3.23200737e-10 
 1.31207655e-02 5.75498405e-01 3.24402267e-01 1.87735595e-05 8.31824242e-02 3.77736510e-03 3.43492582e-10 
 1.08139009e-02 5.77504942e-01 3.20283318e-01 2.00017290e-05 8.61995262e-02 5.17831092e-03 3.65963926e-10 
 9.21218731e-03 5.79491144e-01 3.15446891e-01 2.13517888e-05 8.90422571e-02 6.78616831e-03 3.90665450e-10 
 8.09552397e-03 5.81467290e-01 3.10099987e-01 2.28259944e-05 9.17719883e-02 8.54238415e-03 4.17638421e-10 
 7.30040330e-03 5.83440668e-01 3.04396933e-01 2.44282306e-05 9.44338159e-02 1.04037505e-02 4.46953918e-10 
 6.71910855e-03 5.85415462e-01 2.98440298e-01 2.61643705e-05 9.70573637e-02 1.23416031e-02 4.78719401e-10 
 6.28280808e-03 5.87393681e-01 2.92296646e-01 2.80418750e-05 9.96613994e-02 1.43374236e-02 5.13071377e-10 
 5.94718197e-03 5.89375953e-01 2.86009917e-01 3.00693557e-05 1.02257760e-01 1.63791185e-02 5.50167410e-10 
 5.68304557e-03 5.91362031e-01 2.79610159e-01 3.22562535e-05 1.04853955e-01 1.84585524e-02 5.90180235e-10 
 5.47064980e-03 5.93351091e-01 2.73118845e-01 3.46126077e-05 1.07454768e-01 2.05700338e-02 6.33293541e-10 
 5.29625598e-03 5.95341905e-01 2.66552077e-01 3.71488814e-05 1.10063213e-01 2.27093992e-02 6.79698763e-10 
 5.15005355e-03 5.97332957e-01 2.59922538e-01 3.98758175e-05 1.12681121e-01 2.48734537e-02 7.29592460e-10 
 5.02486800e-03 5.99322498e-01 2.53240708e-01 4.28043118e-05 1.15309499e-01 2.70596213e-02 7.83173993e-10 
 4.91533998e-03 6.01308595e-01 2.46515643e-01 4.59452965e-05 1.17948754e-01 2.92657218e-02 8.40643378e-10 
 4.81739116e-03 6.03289154e-01 2.39755483e-01 4.93096267e-05 1.20598839e-01 3.14898223e-02 9.02199232e-10 
 4.72786867e-03 6.05261935e-01 2.32967799e-01 5.29079722e-05 1.23259351e-01 3.37301378e-02 9.68036772e-10 
 4.64430320e-03 6.07224570e-01 2.26159824e-01 5.67507102e-05 1.25929589e-01 3.59849618e-02 1.03834587e-09 
 4.56474109e-03 6.09174570e-01 2.19338624e-01 6.08478224e-05 1.28608599e-01 3.82526166e-02 1.11330915e-09 
 4.48762567e-03 6.11109335e-01 2.12511209e-01 6.52087954e-05 1.31295203e-01 4.05314172e-02 1.19310019e-09 
 4.41171176e-03 6.13026157e-01 2.05684623e-01 6.98425252e-05 1.33988018e-01 4.28196452e-02 1.27788176e-09 
 4.33600310e-03 6.14922238e-01 1.98865998e-01 7.47572284e-05 1.36685474e-01 4.51155286e-02 1.36780419e-09 
 4.25970580e-03 6.16794688e-01 1.92062598e-01 7.99603591e-05 1.39385819e-01 4.74172272e-02 1.46300387e-09 
 4.18219311e-03 6.18640544e-01 1.85281845e-01 8.54585330e-05 1.42087136e-01 4.97228217e-02 1.56360183e-09 
 4.10297830e-03 6.20456777e-01 1.78531332e-01 9.12574590e-05 1.44787347e-01 5.20303061e-02 1.66970255e-09 
 4.02169348e-03 6.22240309e-01 1.71818831e-01 9.73618794e-05 1.47484221e-01 5.43375825e-02 1.78139278e-09 
 3.93807271e-03 6.23988023e-01 1.65152286e-01 1.03775517e-04 1.50175382e-01 5.66424587e-02 1.89874064e-09 
 3.85193831e-03 6.25696787e-01 1.58539801e-01 1.10501032e-04 1.52858323e-01 5.89426477e-02 2.02179478e-09 
 3.76318960e-03 6.27363470e-01 1.51989620e-01 1.17539981e-04 1.55530410e-01 6.12357685e-02 2.15058372e-09 
 3.67179338e-03 6.28984962e-01 1.45510103e-01 1.24892792e-04 1.58188897e-01 6.35193495e-02 2.28511528e-09 
 3.57777582e-03 6.30558199e-01 1.39109692e-01 1.32558739e-04 1.60830939e-01 6.57908331e-02 2.42537614e-09 
 3.48121537e-03 6.32080190e-01 1.32796868e-01 1.40535919e-04 1.63453607e-01 6.80475815e-02 2.57133154e-09 
 3.38223656e-03 6.33548039e-01 1.26580117e-01 1.48821250e-04 1.66053900e-01 7.02868838e-02 2.72292503e-09 
 3.28100431e-03 6.34958980e-01 1.20467872e-01 1.57410450e-04 1.68628766e-01 7.25059647e-02 2.88007832e-09 
 3.17771887e-03 6.36310399e-01 1.14468467e-01 1.66298043e-04 1.71175121e-01 7.47019932e-02 3.04269119e-09 
 3.07261113e-03 6.37599873e-01 1.08590078e-01 1.75477351e-04 1.73689865e-01 7.68720929e-02 3.21064146e-09 
 2.96593819e-03 6.38825192e-01 1.02840669e-01 1.84940498e-04 1.76169906e-01 7.90133514e-02 3.38378501e-09 
 2.85797927e-03 6.39984399e-01 9.72279280e-02 1.94678409e-04 1.78612180e-01 8.11228315e-02 3.56195580e-09 
 2.74903184e-03 6.41075820e-01 9.17592095e-02 2.04680814e-04 1.81013673e-01 8.31975807e-02 3.74496594e-09 
 2.63940785e-03 6.42098091e-01 8.64414748e-02 2.14936248e-04 1.83371445e-01 8.52346408e-02 3.93260567e-09 
 2.52943022e-03 6.43050194e-01 8.12812326e-02 2.25432050e-04 1.85682649e-01 8.72310573e-02 4.12464333e-09 
 2.41942934e-03 6.43931487e-01 7.62844836e-02 2.36154359e-04 1.87944555e-01 8.91838864e-02 4.32082527e-09 
 2.30973981e-03 6.44741727e-01 7.14566671e-02 2.47088091e-04 1.90154572e-01 9.10902017e-02 4.52087554e-09 
 2.20069718e-03 6.45481105e-01 6.68026127e-02 2.58216920e-04 1.92310266e-01 9.29470982e-02 4.72449544e-09 
 2.09263486e-03 6.46150265e-01 6.23264972e-02 2.69523231e-04 1.94409380e-01 9.47516947e-02 4.93136266e-09 
 1.98588112e-03 6.46750332e-01 5.80318070e-02 2.80988054e-04 1.96449853e-01 9.65011333e-02 5.14113011e-09 
 1.88075623e-03 6.47282929e-01 5.39213083e-02 2.92590967e-04 1.98429834e-01 9.81925761e-02 5.35342413e-09 
 1.77756972e-03 6.47750198e-01 4.99970241e-02 3.04309957e-04 2.00347694e-01 9.98231990e-02 5.56784197e-09 
 1.67661778e-03 6.48154814e-01 4.62602197e-02 3.16121233e-04 2.02202041e-01 1.01390181e-01 5.78394835e-09 
 1.57818096e-03 6.48500001e-01 4.27113972e-02 3.27998975e-04 2.03991724e-01 1.02890692e-01 6.00127080e-09 
 1.48252197e-03 6.48789546e-01 3.93502979e-02 3.39914992e-04 2.05715841e-01 1.04321872e-01 6.21929358e-09 
 1.38988380e-03 6.49027805e-01 3.61759144e-02 3.51838295e-04 2.07373742e-01 1.05680810e-01 6.43744965e-09 
 1.30048818e-03 6.49219714e-01 3.31865112e-02 3.63734533e-04 2.08965026e-01 1.06964519e-01 6.65511054e-09 
 1.21453431e-03 6.49370798e-01 3.03796540e-02 3.75565287e-04 2.10489542e-01 1.08169899e-01 6.87157328e-09 
 1.13219802e-03 6.49487182e-01 2.77522475e-02 3.87287178e-04 2.11947378e-01 1.09293700e-01 7.08604421e-09 
 1.05363134e-03 6.49575598e-01 2.53005800e-02 3.98850762e-04 2.13338854e-01 1.10332478e-01 7.29761863e-09 
 9.78962537e-04 6.49643400e-01 2.30203755e-02 4.10199153e-04 2.14664513e-01 1.11282542e-01 7.50525578e-09 
 9.08296648e-04 6.49698582e-01 2.09068525e-02 4.21266350e-04 2.15925102e-01 1.12139893e-01 7.70774801e-09 
 8.41716538e-04 6.49749803e-01 1.89547865e-02 4.31975176e-04 2.17121557e-01 1.12900153e-01 7.90368327e-09 
 7.79284552e-04 6.49806418e-01 1.71585785e-02 4.42234794e-04 2.18254988e-01 1.13558489e-01 8.09139954e-09 
 7.21044783e-04 6.49878526e-01 1.55123255e-02 4.51937701e-04 2.19326651e-01 1.14109507e-01 8.26892990e-09 
 6.67026032e-04 6.49977032e-01 1.40098946e-02 4.60956128e-04 2.20337935e-01 1.14547148e-01 8.43393658e-09 
 6.17245535e-04 6.50113730e-01 1.26449981e-02 4.69137745e-04 2.21290330e-01 1.14864551e-01 8.58363247e-09 
 5.71713597e-04 6.50301412e-01 1.14112701e-02 4.76300577e-04 2.22185408e-01 1.15053887e-01 8.71468805e-09 
 5.30439319e-04 6.50554019e-01 1.03023437e-02 4.82227035e-04 2.23024794e-01 1.15106169e-01 8.82312217e-09 
 4.93437687e-04 6.50886833e-01 9.31192865e-03 4.86656969e-04 2.23810138e-01 1.15010997e-01 8.90417497e-09 
 4.60738488e-04 6.51316737e-01 8.43388951e-03 4.89279690e-04 2.24543084e-01 1.14756262e-01 8.95216188e-09 
 4.32397700e-04 6.51862555e-01 7.66232569e-03 4.89724946e-04 2.25225234e-01 1.14327753e-01 8.96030856e-09 
 4.08512402e-04 6.52545503e-01 6.99165358e-03 4.87552939e-04 2.25858113e-01 1.13708657e-01 8.92056818e-09 
 3.89240827e-04 6.53389798e-01 6.41669344e-03 4.82243564e-04 2.26443111e-01 1.12878905e-01 8.82342460e-09 
 3.74830148e-04 6.54423475e-01 5.93276361e-03 4.73185417e-04 2.26981428e-01 1.11814309e-01 8.65769118e-09 
 3.65656295e-04 6.55679506e-01 5.53578621e-03 4.59665084e-04 2.27473987e-01 1.10485391e-01 8.41031485e-09 
 3.62282080e-04 6.57197343e-01 5.22241078e-03 4.40858494e-04 2.27921320e-01 1.08855778e-01 8.06621792e-09 
 3.65553994e-04 6.59025101e-01 4.99015889e-03 4.15824938e-04 2.28323390e-01 1.06879964e-01 7.60818859e-09 
 3.76682235e-04 6.61222622e-01 4.83768234e-03 3.83509555e-04 2.28679491e-01 1.04500005e-01 7.01692649e-09 
 3.98119165e-04 6.63866412e-01 4.76437802e-03 3.42751895e-04 2.28986235e-01 1.01642098e-01 6.27119930e-09 
 4.27461674e-04 6.67055079e-01 4.77611228e-03 2.92317947e-04 2.29250824e-01 9.81981996e-02 5.34842878e-09 
 5.23637046e-04 6.70920303e-01 4.82427259e-03 2.31003260e-04 2.29457082e-01 9.40436972e-02 4.22657760e-09 
 1.46540195e-04 6.75660558e-01 5.43165008e-03 1.57347567e-04 2.29790889e-01 8.88130123e-02 2.87892778e-09 
