 T, h at the stagnation point 
 1.65580000e+03 2.66765445e+06 
 1.71239094e+03 2.78282942e+06 
 1.76938453e+03 2.89937655e+06 
 1.82677809e+03 3.01728528e+06 
 1.88456723e+03 3.13654299e+06 
 1.94274585e+03 3.25713482e+06 
 2.00130523e+03 3.37904201e+06 
 2.06023066e+03 3.50224238e+06 
 2.11951280e+03 3.62671245e+06 
 2.17913759e+03 3.75242550e+06 
 2.23908813e+03 3.87935010e+06 
 2.29934528e+03 4.00745094e+06 
 2.35988753e+03 4.13668851e+06 
 2.42069085e+03 4.26701886e+06 
 2.48172869e+03 4.39839339e+06 
 2.54297183e+03 4.53075864e+06 
 2.60438838e+03 4.66405615e+06 
 2.66594368e+03 4.79822228e+06 
 2.72760024e+03 4.93318808e+06 
 2.78931770e+03 5.06887914e+06 
 2.85105279e+03 5.20521556e+06 
 2.91275920e+03 5.34211176e+06 
 2.97438759e+03 5.47947652e+06 
 3.03588539e+03 5.61721282e+06 
 3.09719675e+03 5.75521782e+06 
 3.15826220e+03 5.89338274e+06 
 3.21901842e+03 6.03159276e+06 
 3.27939763e+03 6.16972673e+06 
 3.33932689e+03 6.30765691e+06 
 3.39872698e+03 6.44524838e+06 
 3.45751080e+03 6.58235827e+06 
 3.51558115e+03 6.71883463e+06 
 3.57282783e+03 6.85451488e+06 
 3.62912396e+03 6.98922388e+06 
 3.68432211e+03 7.12277203e+06 
 3.73825166e+03 7.25495422e+06 
 3.79072045e+03 7.38555200e+06 
 3.84152578e+03 7.51434196e+06 
 3.89047963e+03 7.64111337e+06 
 3.93744605e+03 7.76569296e+06 
 3.98237642e+03 7.88796710e+06 
 4.02532065e+03 8.00788808e+06 
 4.06640518e+03 8.12545947e+06 
 4.10579209e+03 8.24070959e+06 
 4.14364205e+03 8.35366741e+06 
 4.18009327e+03 8.46434881e+06 
 4.21525490e+03 8.57275257e+06 
 4.24920880e+03 8.67886204e+06 
 4.28201454e+03 8.78264893e+06 
 4.31371467e+03 8.88407733e+06 
 4.34433939e+03 8.98310715e+06 
 4.37391026e+03 9.07969688e+06 
 4.40244293e+03 9.17380578e+06 
 4.42994929e+03 9.26539547e+06 
 4.45643899e+03 9.35443119e+06 
 4.48192061e+03 9.44088265e+06 
 4.50640248e+03 9.52472477e+06 
 4.52989336e+03 9.60593815e+06 
 4.55240290e+03 9.68450938e+06 
 4.57394195e+03 9.76043127e+06 
 4.59452281e+03 9.83370293e+06 
 4.61415940e+03 9.90432979e+06 
 4.63286731e+03 9.97232354e+06 
 4.65066387e+03 1.00377019e+07 
 4.66756807e+03 1.01004887e+07 
 4.68360054e+03 1.01607131e+07 
 4.69878343e+03 1.02184098e+07 
 4.71314030e+03 1.02736186e+07 
 4.72669597e+03 1.03263839e+07 
 4.73947634e+03 1.03767542e+07 
 4.75150826e+03 1.04247822e+07 
 4.76281932e+03 1.04705238e+07 
 4.77343768e+03 1.05140382e+07 
 4.78339190e+03 1.05553870e+07 
 4.79271076e+03 1.05946344e+07 
 4.80142309e+03 1.06318460e+07 
 4.80955763e+03 1.06670893e+07 
 4.81714288e+03 1.07004326e+07 
 4.82420697e+03 1.07319451e+07 
 4.83077752e+03 1.07616964e+07 
 4.83688158e+03 1.07897562e+07 
 4.84254549e+03 1.08161938e+07 
 4.84779485e+03 1.08410783e+07 
 4.85265441e+03 1.08644781e+07 
 4.85714804e+03 1.08864605e+07 
 4.86129872e+03 1.09070917e+07 
 4.86512844e+03 1.09264367e+07 
 4.86865824e+03 1.09445591e+07 
 4.87190819e+03 1.09615207e+07 
 4.87489736e+03 1.09773818e+07 
 4.87764384e+03 1.09922006e+07 
 4.88016479e+03 1.10060338e+07 
 4.88247638e+03 1.10189360e+07 
 4.88459387e+03 1.10309597e+07 
 4.88653162e+03 1.10421555e+07 
 4.88830311e+03 1.10525720e+07 
 4.88992098e+03 1.10622557e+07 
 4.89139707e+03 1.10712511e+07 
 4.89274242e+03 1.10796006e+07 
 4.89396734e+03 1.10873448e+07 
 Species at the stagnation point 
 2.16178940e-01 6.50321215e-01 9.92940402e-02 7.90740816e-09 3.42047425e-02 1.05467312e-06 1.44678799e-13 
 2.11623087e-01 6.51904465e-01 9.94314685e-02 8.00682651e-09 3.70398030e-02 1.16824858e-06 1.46497818e-13 
 2.07000841e-01 6.53516124e-01 9.95711030e-02 8.26705916e-09 3.99106348e-02 1.28871618e-06 1.51259195e-13 
 2.02312205e-01 6.55156103e-01 9.97129361e-02 8.69600030e-09 4.28173306e-02 1.41663018e-06 1.59107365e-13 
 1.97557281e-01 6.56824244e-01 9.98569612e-02 9.30850891e-09 4.57599516e-02 1.55265717e-06 1.70314199e-13 
 1.92736269e-01 6.58520324e-01 1.00003183e-01 1.01277456e-08 4.87385151e-02 1.69756228e-06 1.85303457e-13 
 1.87849763e-01 6.60243997e-01 1.00151361e-01 1.11871532e-08 5.17530048e-02 1.86285754e-06 2.04687029e-13 
 1.82899721e-01 6.61994806e-01 1.00300105e-01 1.25338849e-08 5.48028055e-02 2.54967910e-06 2.29327660e-13 
 1.77886050e-01 6.63772257e-01 1.00450099e-01 1.42308728e-08 5.78881322e-02 3.44687381e-06 2.60376793e-13 
 1.72809640e-01 6.65575749e-01 1.00601263e-01 1.63631714e-08 6.10087259e-02 4.60565618e-06 2.99390639e-13 
 1.67671791e-01 6.67404533e-01 1.00753302e-01 1.90448226e-08 6.41642657e-02 6.08838419e-06 3.48455777e-13 
 1.62474048e-01 6.69257735e-01 1.00905884e-01 2.24278516e-08 6.73543409e-02 7.96963971e-06 4.10353755e-13 
 1.57218226e-01 6.71134345e-01 1.01058617e-01 2.67133969e-08 7.05784464e-02 1.03383329e-05 4.88764725e-13 
 1.51906442e-01 6.73033209e-01 1.01211042e-01 3.21651411e-08 7.38359745e-02 1.33002397e-05 5.88513188e-13 
 1.46541139e-01 6.74953021e-01 1.01362615e-01 3.91249533e-08 7.71262051e-02 1.69810412e-05 7.15854189e-13 
 1.41125109e-01 6.76892317e-01 1.01512700e-01 4.80304895e-08 8.04482961e-02 2.15300043e-05 8.78795351e-13 
 1.35661528e-01 6.78849465e-01 1.01660550e-01 5.94343602e-08 8.38012731e-02 2.71244768e-05 1.08744758e-12 
 1.30153983e-01 6.80822664e-01 1.01805287e-01 7.40244932e-08 8.71840172e-02 3.39754243e-05 1.35439762e-12 
 1.24606508e-01 6.82809932e-01 1.01945881e-01 9.26455547e-08 9.05952523e-02 4.23343098e-05 1.69510000e-12 
 1.19023627e-01 6.84809107e-01 1.02081118e-01 1.16321775e-07 9.40335298e-02 5.25017159e-05 2.12829468e-12 
 1.13410400e-01 6.86817839e-01 1.02209565e-01 1.46282169e-07 9.74972117e-02 6.48382480e-05 2.67646845e-12 
 1.07772481e-01 6.88833588e-01 1.02329519e-01 1.83989786e-07 1.00984450e-01 7.97784471e-05 3.36639019e-12 
 1.02116189e-01 6.90853618e-01 1.02438952e-01 2.31177108e-07 1.04493161e-01 9.78487021e-05 4.22975843e-12 
 9.64485974e-02 6.92874997e-01 1.02535427e-01 2.89889948e-07 1.08020999e-01 1.19690523e-04 5.30400464e-12 
 9.07776457e-02 6.94894592e-01 1.02615998e-01 3.62542289e-07 1.11565311e-01 1.46091052e-04 6.63329650e-12 
 8.51122877e-02 6.96909067e-01 1.02677072e-01 4.51984671e-07 1.15123098e-01 1.78023406e-04 8.26978930e-12 
 7.94626854e-02 6.98914876e-01 1.02714231e-01 5.61589220e-07 1.18690945e-01 2.16700468e-04 1.02751815e-11 
 7.38404669e-02 7.00908260e-01 1.02721983e-01 6.95355195e-07 1.22264948e-01 2.63647110e-04 1.27226460e-11 
 6.82590739e-02 7.02885234e-01 1.02693435e-01 8.58039975e-07 1.25840602e-01 3.20797675e-04 1.56992267e-11 
 6.27342296e-02 7.04841577e-01 1.02619850e-01 1.05532093e-06 1.29412660e-01 3.90627850e-04 1.93088003e-11 
 5.72845702e-02 7.06772808e-01 1.02490044e-01 1.29399266e-06 1.32974951e-01 4.76332493e-04 2.36756849e-11 
 5.19324844e-02 7.08674161e-01 1.02289585e-01 1.58219922e-06 1.36520125e-01 5.82062492e-04 2.89488893e-11 
 4.67051989e-02 7.10540539e-01 1.01999764e-01 1.92968774e-06 1.40039337e-01 7.13231286e-04 3.53067528e-11 
 4.16360947e-02 7.12366469e-01 1.01596336e-01 2.34803966e-06 1.43521865e-01 8.76888160e-04 4.29611766e-11 
 3.67660884e-02 7.14146055e-01 1.01048198e-01 2.85077653e-06 1.46954691e-01 1.08211625e-03 5.21595592e-11 
 3.21445795e-02 7.15872958e-01 1.00316469e-01 3.45313757e-06 1.50322216e-01 1.34032491e-03 6.31807269e-11 
 2.78288646e-02 7.17540479e-01 9.93549737e-02 4.17120358e-06 1.53606362e-01 1.66514959e-03 7.63189040e-11 
 2.38802585e-02 7.19141839e-01 9.81138004e-02 5.02000082e-06 1.56787591e-01 2.07149069e-03 9.18490199e-11 
 2.03552853e-02 7.20670737e-01 9.65474332e-02 6.01050292e-06 1.59847305e-01 2.57322955e-03 1.09971855e-10 
 1.72926011e-02 7.22122140e-01 9.46268623e-02 7.14627842e-06 1.62771508e-01 3.17974268e-03 1.30752702e-10 
 1.47007206e-02 7.23492989e-01 9.23509496e-02 8.42152321e-06 1.65554378e-01 3.89254122e-03 1.54085364e-10 
 1.25540346e-02 7.24782417e-01 8.97500728e-02 9.82208816e-06 1.68199547e-01 4.70410627e-03 1.79710961e-10 
 1.08003116e-02 7.25991319e-01 8.68790765e-02 1.13291996e-05 1.70718115e-01 5.59984949e-03 2.07285997e-10 
 9.37487830e-03 7.27121543e-01 8.38040099e-02 1.29236637e-05 1.73124758e-01 6.56188613e-03 2.36459293e-10 
 8.21360426e-03 7.28175156e-01 8.05899928e-02 1.45885742e-05 1.75434189e-01 7.57246876e-03 2.66921518e-10 
 7.26044647e-03 7.29154008e-01 7.72941605e-02 1.63101642e-05 1.77659107e-01 8.61596771e-03 2.98420787e-10 
 6.46989763e-03 7.30059604e-01 7.39633631e-02 1.80775053e-05 1.79809538e-01 9.67951873e-03 3.30757146e-10 
 5.80647407e-03 7.30893152e-01 7.06346256e-02 1.98818051e-05 1.81892963e-01 1.07529035e-02 3.63769724e-10 
 5.24305332e-03 7.31655665e-01 6.73366822e-02 2.17157211e-05 1.83914753e-01 1.18281299e-02 3.97324177e-10 
 4.75905214e-03 7.32348079e-01 6.40916617e-02 2.35728340e-05 1.85878666e-01 1.28989678e-02 4.31303056e-10 
 4.33884184e-03 7.32971349e-01 6.09165546e-02 2.54472896e-05 1.87787263e-01 1.39605439e-02 4.65599248e-10 
 3.97049576e-03 7.33526520e-01 5.78243747e-02 2.73335746e-05 1.89642255e-01 1.50090201e-02 5.00111878e-10 
 3.64484295e-03 7.34014783e-01 5.48250393e-02 2.92263874e-05 1.91444757e-01 1.60413513e-02 5.34743944e-10 
 3.35476771e-03 7.34437505e-01 5.19260248e-02 3.11205718e-05 1.93195477e-01 1.70551052e-02 5.69401105e-10 
 3.09469531e-03 7.34796252e-01 4.91328539e-02 3.30110919e-05 1.94894858e-01 1.80483295e-02 6.03991223e-10 
 2.86021433e-03 7.35092797e-01 4.64494602e-02 3.48930325e-05 1.96543180e-01 1.90194548e-02 6.38424364e-10 
 2.64779835e-03 7.35329120e-01 4.38784638e-02 3.67616145e-05 1.98140635e-01 1.99672209e-02 6.72613090e-10 
 2.45459949e-03 7.35507401e-01 4.14213856e-02 3.86122195e-05 1.99687378e-01 2.08906229e-02 7.06472895e-10 
 2.27829423e-03 7.35630010e-01 3.90788156e-02 4.04404174e-05 2.01183570e-01 2.17888686e-02 7.39922728e-10 
 2.11696721e-03 7.35699489e-01 3.68505491e-02 4.22419965e-05 2.02629405e-01 2.26613466e-02 7.72885527e-10 
 1.96902312e-03 7.35718536e-01 3.47357001e-02 4.40129915e-05 2.04025127e-01 2.35076005e-02 8.05288740e-10 
 1.83311928e-03 7.35689978e-01 3.27327968e-02 4.57497094e-05 2.05371047e-01 2.43273085e-02 8.37064797e-10 
 1.70811375e-03 7.35616756e-01 3.08398647e-02 4.74487517e-05 2.06667549e-01 2.51202671e-02 8.68151519e-10 
 1.59302513e-03 7.35501892e-01 2.90544995e-02 4.91070332e-05 2.07915099e-01 2.58863768e-02 8.98492457e-10 
 1.48700132e-03 7.35348473e-01 2.73739324e-02 5.07217958e-05 2.09114240e-01 2.66256309e-02 9.28037146e-10 
 1.38929495e-03 7.35159621e-01 2.57950893e-02 5.22906176e-05 2.10265597e-01 2.73381060e-02 9.56741272e-10 
 1.29924426e-03 7.34938470e-01 2.43146436e-02 5.38114177e-05 2.11369876e-01 2.80239532e-02 9.84566767e-10 
 1.21625788e-03 7.34688146e-01 2.29290657e-02 5.52824570e-05 2.12427856e-01 2.86833910e-02 1.01148181e-09 
 1.13980295e-03 7.34411740e-01 2.16346673e-02 5.67023337e-05 2.13440388e-01 2.93166989e-02 1.03746074e-09 
 1.06939567e-03 7.34112292e-01 2.04276421e-02 5.80699756e-05 2.14408388e-01 2.99242112e-02 1.06248396e-09 
 1.00459378e-03 7.33792769e-01 1.93041032e-02 5.93846295e-05 2.15332836e-01 3.05063127e-02 1.08653767e-09 
 9.44990677e-04 7.33456050e-01 1.82601170e-02 6.06458461e-05 2.16214762e-01 3.10634330e-02 1.10961367e-09 
 8.90210677e-04 7.33104910e-01 1.72917330e-02 6.18534642e-05 2.17055249e-01 3.15960427e-02 1.13170899e-09 
 8.39905269e-04 7.32742005e-01 1.63950120e-02 6.30075914e-05 2.17855420e-01 3.21046490e-02 1.15282561e-09 
 7.93750108e-04 7.32369864e-01 1.55660502e-02 6.41085837e-05 2.18616434e-01 3.25897920e-02 1.17297004e-09 
 7.51442604e-04 7.31990877e-01 1.48010007e-02 6.51570248e-05 2.19339481e-01 3.30520408e-02 1.19215297e-09 
 7.12699965e-04 7.31607290e-01 1.40960922e-02 6.61537032e-05 2.20025773e-01 3.34919901e-02 1.21038881e-09 
 6.77257602e-04 7.31221197e-01 1.34476457e-02 6.70995906e-05 2.20676542e-01 3.39102567e-02 1.22769534e-09 
 6.44867798e-04 7.30834541e-01 1.28520879e-02 6.79958194e-05 2.21293030e-01 3.43074761e-02 1.24409330e-09 
 6.15298594e-04 7.30449106e-01 1.23059627e-02 6.88436611e-05 2.21876488e-01 3.46842995e-02 1.25960593e-09 
 5.88332834e-04 7.30066522e-01 1.18059406e-02 6.96445049e-05 2.22428168e-01 3.50413905e-02 1.27425866e-09 
 5.63767318e-04 7.29688265e-01 1.13488263e-02 7.03998381e-05 2.22949318e-01 3.53794223e-02 1.28807870e-09 
 5.41412063e-04 7.29315659e-01 1.09315635e-02 7.11112264e-05 2.23441179e-01 3.56990745e-02 1.30109470e-09 
 5.21089610e-04 7.28949877e-01 1.05512393e-02 7.17802964e-05 2.23904981e-01 3.60010308e-02 1.31333641e-09 
 5.02634395e-04 7.28591954e-01 1.02050862e-02 7.24087189e-05 2.24341940e-01 3.62859759e-02 1.32483442e-09 
 4.85892149e-04 7.28242781e-01 9.89048297e-03 7.29981935e-05 2.24753251e-01 3.65545934e-02 1.33561981e-09 
 4.70719324e-04 7.27903124e-01 9.60495417e-03 7.35504352e-05 2.25140088e-01 3.68075630e-02 1.34572396e-09 
 4.56982548e-04 7.27573619e-01 9.34616897e-03 7.40671615e-05 2.25503602e-01 3.70455587e-02 1.35517830e-09 
 4.44558087e-04 7.27254788e-01 9.11193855e-03 7.45500815e-05 2.25844917e-01 3.72692467e-02 1.36401410e-09 
 4.33331327e-04 7.26947043e-01 8.90021300e-03 7.50008863e-05 2.26165128e-01 3.74792831e-02 1.37226231e-09 
 4.23196273e-04 7.26650693e-01 8.70907740e-03 7.54212402e-05 2.26465298e-01 3.76763128e-02 1.37995336e-09 
 4.14055052e-04 7.26365955e-01 8.53674738e-03 7.58127735e-05 2.26746461e-01 3.78609674e-02 1.38711709e-09 
 4.05817435e-04 7.26092958e-01 8.38156427e-03 7.61770765e-05 2.27009618e-01 3.80338644e-02 1.39378260e-09 
 3.98400373e-04 7.25831754e-01 8.24198979e-03 7.65156945e-05 2.27255733e-01 3.81956053e-02 1.39997817e-09 
 3.91727544e-04 7.25582326e-01 8.11660061e-03 7.68301232e-05 2.27485739e-01 3.83467752e-02 1.40573115e-09 
 3.85728921e-04 7.25344592e-01 8.00408263e-03 7.71218057e-05 2.27700532e-01 3.84879416e-02 1.41106795e-09 
 3.80340344e-04 7.25118413e-01 7.90322522e-03 7.73921300e-05 2.27900974e-01 3.86196536e-02 1.41601397e-09 
 3.75503124e-04 7.24903605e-01 7.81291540e-03 7.76424286e-05 2.28087891e-01 3.87424416e-02 1.42059359e-09 
 3.71163667e-04 7.24699937e-01 7.73213232e-03 7.78739630e-05 2.28262075e-01 3.88568166e-02 1.42482988e-09 
 3.67273103e-04 7.24507144e-01 7.65994133e-03 7.80880798e-05 2.28424282e-01 3.89632700e-02 1.42874749e-09 
