 T, h at the stagnation point 
 3.59506173e+02 1.62137573e+06 
 4.36701612e+02 1.73689109e+06 
 5.16583504e+02 1.85754571e+06 
 5.98632894e+02 1.98309108e+06 
 6.82434511e+02 2.11329637e+06 
 7.67695779e+02 2.24794256e+06 
 8.54230057e+02 2.38682285e+06 
 9.41926652e+02 2.52974389e+06 
 1.03072270e+03 2.67652598e+06 
 1.12058210e+03 2.82700240e+06 
 1.21148147e+03 2.98101769e+06 
 1.30340152e+03 3.13842567e+06 
 1.39632195e+03 3.29908728e+06 
 1.49021880e+03 3.46286851e+06 
 1.58506305e+03 3.62963851e+06 
 1.68081997e+03 3.79926784e+06 
 1.77744888e+03 3.97162690e+06 
 1.87490298e+03 4.14658452e+06 
 1.97312910e+03 4.32400662e+06 
 2.07206758e+03 4.50375531e+06 
 2.17165401e+03 4.68568851e+06 
 2.27181820e+03 4.86965904e+06 
 2.37248312e+03 5.05551338e+06 
 2.47356468e+03 5.24309102e+06 
 2.57497155e+03 5.43222383e+06 
 2.67660479e+03 5.62273552e+06 
 2.77835733e+03 5.81444093e+06 
 2.88011308e+03 6.00714529e+06 
 2.98174548e+03 6.20064313e+06 
 3.08311492e+03 6.39471678e+06 
 3.18406470e+03 6.58913431e+06 
 3.28441472e+03 6.78364663e+06 
 3.38395241e+03 6.97798388e+06 
 3.48242089e+03 7.17185126e+06 
 3.57950523e+03 7.36492522e+06 
 3.67481949e+03 7.55685159e+06 
 3.76789939e+03 7.74724792e+06 
 3.85820696e+03 7.93571246e+06 
 3.94515354e+03 8.12184126e+06 
 4.02814412e+03 8.30525230e+06 
 4.10663896e+03 8.48561239e+06 
 4.18022083e+03 8.66265984e+06 
 4.24865058e+03 8.83621647e+06 
 4.31189568e+03 9.00618521e+06 
 4.37012427e+03 9.17253509e+06 
 4.42366835e+03 9.33527892e+06 
 4.47296823e+03 9.49445042e+06 
 4.51851294e+03 9.65008556e+06 
 4.56078865e+03 9.80221045e+06 
 4.60024176e+03 9.95083547e+06 
 4.63725798e+03 1.00959541e+07 
 4.67215503e+03 1.02375449e+07 
 4.70518509e+03 1.03755748e+07 
 4.73654285e+03 1.05100035e+07 
 4.76637598e+03 1.06407868e+07 
 4.79479571e+03 1.07678805e+07 
 4.82188622e+03 1.08912432e+07 
 4.84771249e+03 1.10108384e+07 
 4.87232625e+03 1.11266363e+07 
 4.89577050e+03 1.12386147e+07 
 4.91808272e+03 1.13467604e+07 
 4.93929704e+03 1.14510690e+07 
 4.95944580e+03 1.15515455e+07 
 4.97856046e+03 1.16482042e+07 
 4.99667227e+03 1.17410685e+07 
 5.01381257e+03 1.18301709e+07 
 5.03001302e+03 1.19155523e+07 
 5.04530567e+03 1.19972619e+07 
 5.05972293e+03 1.20753565e+07 
 5.07329752e+03 1.21499001e+07 
 5.08606240e+03 1.22209633e+07 
 5.09805065e+03 1.22886226e+07 
 5.10929534e+03 1.23529600e+07 
 5.11982943e+03 1.24140622e+07 
 5.12968563e+03 1.24720203e+07 
 5.13889629e+03 1.25269286e+07 
 5.14749329e+03 1.25788846e+07 
 5.15550794e+03 1.26279881e+07 
 5.16297088e+03 1.26743406e+07 
 5.16991199e+03 1.27180451e+07 
 5.17636036e+03 1.27592050e+07 
 5.18234416e+03 1.27979242e+07 
 5.18789066e+03 1.28343064e+07 
 5.19302611e+03 1.28684544e+07 
 5.19777581e+03 1.29004703e+07 
 5.20216398e+03 1.29304546e+07 
 5.20621382e+03 1.29585062e+07 
 5.20994747e+03 1.29847220e+07 
 5.21338602e+03 1.30091966e+07 
 5.21654952e+03 1.30320223e+07 
 5.21945697e+03 1.30532887e+07 
 5.22212637e+03 1.30730825e+07 
 5.22457472e+03 1.30914876e+07 
 5.22681801e+03 1.31085848e+07 
 5.22887132e+03 1.31244520e+07 
 5.23074875e+03 1.31391638e+07 
 5.23246347e+03 1.31527915e+07 
 5.23402765e+03 1.31654035e+07 
 5.23545235e+03 1.31770648e+07 
 5.23674721e+03 1.31878371e+07 
 Species at the stagnation point 
 2.03178159e-01 6.93894328e-01 2.74309868e-02 6.39772192e-06 7.54895460e-02 5.81567190e-07 1.17056652e-10 
 1.99958277e-01 6.94860529e-01 2.74553000e-02 6.42985304e-06 7.77188596e-02 6.04859311e-07 1.17644543e-10 
 1.96571659e-01 6.95900424e-01 2.74824432e-02 6.49922414e-06 8.00383420e-02 6.31684053e-07 1.18913799e-10 
 1.93027495e-01 6.97011111e-01 2.75122961e-02 6.60138473e-06 8.24418356e-02 6.60917752e-07 1.20782992e-10 
 1.89333657e-01 6.98189733e-01 2.75447629e-02 6.73335847e-06 8.49244205e-02 6.92423357e-07 1.23197664e-10 
 1.85496980e-01 6.99433582e-01 2.75797676e-02 6.89308016e-06 8.74820504e-02 7.26264838e-07 1.26120031e-10 
 1.81523423e-01 7.00740127e-01 2.76172488e-02 7.07915291e-06 9.01113593e-02 7.62578631e-07 1.29524532e-10 
 1.77418213e-01 7.02107020e-01 2.76571573e-02 7.29066083e-06 9.28095174e-02 8.01548790e-07 1.33394411e-10 
 1.73185976e-01 7.03532082e-01 2.76994532e-02 7.52705644e-06 9.55741189e-02 8.43418978e-07 1.37719650e-10 
 1.68830859e-01 7.05013271e-01 2.77441042e-02 7.78808281e-06 9.84030890e-02 8.88535172e-07 1.42495549e-10 
 1.64356651e-01 7.06548647e-01 2.77910832e-02 8.07372135e-06 1.01294608e-01 9.37445003e-07 1.47721767e-10 
 1.59766880e-01 7.08136330e-01 2.78403671e-02 8.38415557e-06 1.04247048e-01 9.91115506e-07 1.53401662e-10 
 1.55064907e-01 7.09774469e-01 2.78919344e-02 8.71974624e-06 1.07258919e-01 1.05139535e-06 1.59541836e-10 
 1.50254001e-01 7.11461207e-01 2.79457623e-02 9.08101439e-06 1.10328826e-01 1.12196763e-06 1.66151820e-10 
 1.45337417e-01 7.13194648e-01 2.80018235e-02 9.46863026e-06 1.13455432e-01 1.21025812e-06 1.73243878e-10 
 1.40318460e-01 7.14972828e-01 2.80600787e-02 9.88340641e-06 1.16637419e-01 1.33114886e-06 1.80832877e-10 
 1.35200555e-01 7.16793680e-01 2.81204660e-02 1.03262951e-05 1.19873458e-01 1.51401465e-06 1.88936241e-10 
 1.29987330e-01 7.18655005e-01 2.81828791e-02 1.07983864e-05 1.23162172e-01 1.81556279e-06 1.97573913e-10 
 1.24682717e-01 7.20554417e-01 2.82471333e-02 1.13009167e-05 1.26502090e-01 2.34162957e-06 2.06768516e-10 
 1.19291014e-01 7.22489287e-01 2.83129912e-02 1.18352591e-05 1.29891596e-01 3.27631606e-06 2.16545174e-10 
 1.13816610e-01 7.24456694e-01 2.83805417e-02 1.24029932e-05 1.33328983e-01 4.76787255e-06 2.26932785e-10 
 1.08264088e-01 7.26453393e-01 2.84501170e-02 1.30058505e-05 1.36812413e-01 6.98249206e-06 2.37963033e-10 
 1.02638425e-01 7.28475790e-01 2.85221083e-02 1.36457140e-05 1.40339863e-01 1.01687946e-05 2.49670369e-10 
 9.69451098e-02 7.30519923e-01 2.85968799e-02 1.43246285e-05 1.43909080e-01 1.46819745e-05 2.62092206e-10 
 9.11903046e-02 7.32581451e-01 2.86746397e-02 1.50448162e-05 1.47517539e-01 2.10205675e-05 2.75269202e-10 
 8.53810853e-02 7.34655651e-01 2.87552098e-02 1.58086971e-05 1.51162361e-01 2.98836972e-05 2.89245637e-10 
 7.95258127e-02 7.36737425e-01 2.88376644e-02 1.66189149e-05 1.54840221e-01 4.22580684e-05 3.04069879e-10 
 7.36346682e-02 7.38821308e-01 2.89197980e-02 1.74783697e-05 1.58547199e-01 5.95485930e-05 3.19794992e-10 
 6.77204148e-02 7.40901463e-01 2.89973921e-02 1.83902596e-05 1.62278567e-01 8.37726789e-05 3.36479490e-10 
 6.17994412e-02 7.42971614e-01 2.90632562e-02 1.93581309e-05 1.66028486e-01 1.17844824e-04 3.54188258e-10 
 5.58931425e-02 7.45024869e-01 2.91060542e-02 2.03859366e-05 1.69789565e-01 1.65982758e-04 3.72993623e-10 
 5.00296471e-02 7.47053351e-01 2.91089899e-02 2.14780997e-05 1.73552270e-01 2.34263697e-04 3.92976511e-10 
 4.42457986e-02 7.49047535e-01 2.90485470e-02 2.26395707e-05 1.77304140e-01 3.31340229e-04 4.14227499e-10 
 3.85891128e-02 7.50995194e-01 2.88936600e-02 2.38758587e-05 1.81028879e-01 4.69277934e-04 4.36847384e-10 
 3.31191385e-02 7.52879921e-01 2.86059343e-02 2.51930019e-05 1.84705422e-01 6.64390769e-04 4.60946645e-10 
 2.79073188e-02 7.54679288e-01 2.81417332e-02 2.65974251e-05 1.88307233e-01 9.37828928e-04 4.86642834e-10 
 2.30342274e-02 7.56362949e-01 2.74569385e-02 2.80956254e-05 1.91802238e-01 1.31555105e-03 5.14054827e-10 
 1.85832407e-02 7.57891257e-01 2.65147098e-02 2.96936410e-05 1.95153834e-01 1.82726448e-03 5.43293103e-10 
 1.46305658e-02 7.59215243e-01 2.52954363e-02 3.13963172e-05 1.98323312e-01 2.50404579e-03 5.74446312e-10 
 1.12330861e-02 7.60278813e-01 2.38065052e-02 3.32064842e-05 2.01273667e-01 3.37472184e-03 6.07566240e-10 
 8.41715606e-03 7.61023639e-01 2.20882622e-02 3.51242748e-05 2.03974191e-01 4.46162700e-03 6.42655316e-10 
 6.17220254e-03 7.61396374e-01 2.02127212e-02 3.71468591e-05 2.06404748e-01 5.77680686e-03 6.79661761e-10 
 4.45189718e-03 7.61356752e-01 1.82737870e-02 3.92687903e-05 2.08558493e-01 7.31980112e-03 7.18485919e-10 
 3.18291373e-03 7.60884423e-01 1.63712395e-02 4.14829331e-05 2.10442265e-01 9.07767498e-03 7.58997236e-10 
 2.27831257e-03 7.59982529e-01 1.45935436e-02 4.37816917e-05 2.12074649e-01 1.10271833e-02 8.01056735e-10 
 1.65113926e-03 7.58677049e-01 1.30049177e-02 4.61581198e-05 2.13482463e-01 1.31382724e-02 8.44537324e-10 
 1.22455842e-03 7.57012334e-01 1.16398707e-02 4.86065675e-05 2.14696753e-01 1.53778770e-02 8.89335628e-10 
 9.36978090e-04 7.55044390e-01 1.05051374e-02 5.11227441e-05 2.15749202e-01 1.77131697e-02 9.35373142e-10 
 7.42720567e-04 7.52833763e-01 9.58648393e-03 5.37033137e-05 2.16669489e-01 2.01138389e-02 9.82588829e-10 
 6.09903834e-04 7.50439548e-01 8.85714125e-03 5.63452650e-05 2.17483701e-01 2.25533591e-02 1.03092759e-09 
 5.17241627e-04 7.47915271e-01 8.28534191e-03 5.90452954e-05 2.18213660e-01 2.50094392e-02 1.08032901e-09 
 4.50924840e-04 7.45306744e-01 7.83971374e-03 6.17993579e-05 2.18876905e-01 2.74639120e-02 1.13071903e-09 
 4.02120624e-04 7.42651512e-01 7.49237828e-03 6.46024219e-05 2.19487083e-01 2.99023027e-02 1.18200561e-09 
 3.65186897e-04 7.39979353e-01 7.22021720e-03 6.74484249e-05 2.20054534e-01 3.23132592e-02 1.23407783e-09 
 3.36488494e-04 7.37313341e-01 7.00494880e-03 7.03303620e-05 2.20586927e-01 3.46879629e-02 1.28680752e-09 
 3.13646697e-04 7.34671076e-01 6.83257847e-03 7.32404538e-05 2.21089866e-01 3.70195908e-02 1.34005235e-09 
 2.95074227e-04 7.32065877e-01 6.69261665e-03 7.61703491e-05 2.21567398e-01 3.93028623e-02 1.39365952e-09 
 2.79688891e-04 7.29507789e-01 6.57729333e-03 7.91113305e-05 2.22022440e-01 4.15336760e-02 1.44746952e-09 
 2.66736328e-04 7.27004404e-01 6.48087696e-03 8.20545064e-05 2.22457093e-01 4.37088334e-02 1.50131967e-09 
 2.55678960e-04 7.24561473e-01 6.39913082e-03 8.49909815e-05 2.22872891e-01 4.58258336e-02 1.55504723e-09 
 2.46125387e-04 7.22183363e-01 6.32890151e-03 8.79120033e-05 2.23270971e-01 4.78827253e-02 1.60849204e-09 
 2.37784739e-04 7.19873387e-01 6.26781791e-03 9.08090851e-05 2.23652198e-01 4.98780015e-02 1.66149882e-09 
 2.30436692e-04 7.17634036e-01 6.21407555e-03 9.36741085e-05 2.24017251e-01 5.18105253e-02 1.71391905e-09 
 2.23911419e-04 7.15467140e-01 6.16628408e-03 9.64994060e-05 2.24366686e-01 5.36794764e-02 1.76561243e-09 
 2.18075956e-04 7.13373994e-01 6.12335954e-03 9.92778270e-05 2.24700977e-01 5.54843134e-02 1.81644813e-09 
 2.12824744e-04 7.11355436e-01 6.08444809e-03 1.02002789e-04 2.25020542e-01 5.72247447e-02 1.86630570e-09 
 2.08072962e-04 7.09411911e-01 6.04887142e-03 1.04668312e-04 2.25325767e-01 5.89007070e-02 1.91507576e-09 
 2.03751721e-04 7.07543527e-01 6.01608711e-03 1.07269049e-04 2.25617017e-01 6.05123464e-02 1.96266044e-09 
 1.99804545e-04 7.05750083e-01 5.98565941e-03 1.09800293e-04 2.25894647e-01 6.20600032e-02 2.00897364e-09 
 1.96184747e-04 7.04031112e-01 5.95723716e-03 1.12257986e-04 2.26159008e-01 6.35441975e-02 2.05394110e-09 
 1.92853441e-04 7.02385900e-01 5.93053696e-03 1.14638711e-04 2.26410452e-01 6.49656162e-02 2.09750031e-09 
 1.89778014e-04 7.00813517e-01 5.90532996e-03 1.16939683e-04 2.26649333e-01 6.63250999e-02 2.13960029e-09 
 1.86930933e-04 6.99312835e-01 5.88143155e-03 1.19158724e-04 2.26876010e-01 6.76236310e-02 2.18020124e-09 
 1.84288816e-04 6.97882552e-01 5.85869290e-03 1.21294247e-04 2.27090849e-01 6.88623208e-02 2.21927408e-09 
 1.81831683e-04 6.96521209e-01 5.83699433e-03 1.23345219e-04 2.27294220e-01 7.00423976e-02 2.25679993e-09 
 1.79542362e-04 6.95227211e-01 5.81623969e-03 1.25311135e-04 2.27486499e-01 7.11651945e-02 2.29276953e-09 
 1.77406007e-04 6.93998842e-01 5.79635196e-03 1.27191977e-04 2.27668068e-01 7.22321379e-02 2.32718258e-09 
 1.75409710e-04 6.92834285e-01 5.77726944e-03 1.28988183e-04 2.27839310e-01 7.32447350e-02 2.36004706e-09 
 1.73542181e-04 6.91731635e-01 5.75894273e-03 1.30700605e-04 2.28000614e-01 7.42045629e-02 2.39137859e-09 
 1.71793487e-04 6.90688916e-01 5.74133218e-03 1.32330473e-04 2.28152369e-01 7.51132571e-02 2.42119965e-09 
 1.70154835e-04 6.89704093e-01 5.72440583e-03 1.33879358e-04 2.28294963e-01 7.59725007e-02 2.44953901e-09 
 1.68618399e-04 6.88775091e-01 5.70813764e-03 1.35349135e-04 2.28428787e-01 7.67840141e-02 2.47643094e-09 
 1.67177168e-04 6.87899803e-01 5.69250614e-03 1.36741947e-04 2.28554225e-01 7.75495445e-02 2.50191469e-09 
 1.65824829e-04 6.87076101e-01 5.67749324e-03 1.38060174e-04 2.28671661e-01 7.82708572e-02 2.52603378e-09 
 1.64555662e-04 6.86301854e-01 5.66308330e-03 1.39306402e-04 2.28781472e-01 7.89497260e-02 2.54883554e-09 
 1.63364455e-04 6.85574932e-01 5.64926242e-03 1.40483395e-04 2.28884030e-01 7.95879253e-02 2.57037052e-09 
 1.62246437e-04 6.84893217e-01 5.63601780e-03 1.41594066e-04 2.28979700e-01 8.01872220e-02 2.59069204e-09 
 1.61197218e-04 6.84254612e-01 5.62333731e-03 1.42641462e-04 2.29068840e-01 8.07493689e-02 2.60985584e-09 
 1.60212738e-04 6.83657051e-01 5.61120911e-03 1.43628739e-04 2.29151798e-01 8.12760976e-02 2.62791967e-09 
 1.59289229e-04 6.83098501e-01 5.59962146e-03 1.44559148e-04 2.29228913e-01 8.17691133e-02 2.64494300e-09 
 1.58423183e-04 6.82576972e-01 5.58856252e-03 1.45436023e-04 2.29300515e-01 8.22300888e-02 2.66098685e-09 
 1.57611324e-04 6.82090522e-01 5.57802036e-03 1.46262774e-04 2.29366920e-01 8.26606609e-02 2.67611360e-09 
 1.56850594e-04 6.81637260e-01 5.56798313e-03 1.47042879e-04 2.29428436e-01 8.30624256e-02 2.69038688e-09 
 1.56138152e-04 6.81215348e-01 5.55843950e-03 1.47779883e-04 2.29485357e-01 8.34369352e-02 2.70387156e-09 
 1.55471390e-04 6.80823007e-01 5.54937982e-03 1.48477402e-04 2.29537966e-01 8.37856959e-02 2.71663379e-09 
 1.54848008e-04 6.80458514e-01 5.54079855e-03 1.49139128e-04 2.29586531e-01 8.41101657e-02 2.72874113e-09 
 1.54266189e-04 6.80120202e-01 5.53269946e-03 1.49768837e-04 2.29631306e-01 8.44117549e-02 2.74026267e-09 
 1.53725018e-04 6.79806446e-01 5.52510670e-03 1.50370405e-04 2.29672521e-01 8.46918279e-02 2.75126933e-09 
 1.53225679e-04 6.79515647e-01 5.51808710e-03 1.50947821e-04 2.29710380e-01 8.49517101e-02 2.76183409e-09 
 1.52775452e-04 6.79246181e-01 5.51179708e-03 1.51505201e-04 2.29745034e-01 8.51927050e-02 2.77203227e-09 
