 T, h at the stagnation point 
 7.50000000e+02 4.18244817e+06 
 8.30752763e+02 4.28421762e+06 
 9.12449293e+02 4.38862155e+06 
 9.95011379e+02 4.49553467e+06 
 1.07838038e+03 4.60483533e+06 
 1.16250777e+03 4.71640582e+06 
 1.24734856e+03 4.83013227e+06 
 1.33285675e+03 4.94590405e+06 
 1.41898259e+03 5.06361293e+06 
 1.50567085e+03 5.18315226e+06 
 1.59285991e+03 5.30441609e+06 
 1.68048134e+03 5.42729839e+06 
 1.76845980e+03 5.55169241e+06 
 1.85671320e+03 5.67749011e+06 
 1.94515298e+03 5.80458167e+06 
 2.03368481e+03 5.93285525e+06 
 2.12221143e+03 6.06219723e+06 
 2.21063486e+03 6.19249236e+06 
 2.29885446e+03 6.32362337e+06 
 2.38676773e+03 6.45547106e+06 
 2.47427162e+03 6.58791472e+06 
 2.56126381e+03 6.72083252e+06 
 2.64764382e+03 6.85410186e+06 
 2.73331399e+03 6.98759979e+06 
 2.81818021e+03 7.12120319e+06 
 2.90215237e+03 7.25478898e+06 
 2.98514460e+03 7.38823420e+06 
 3.06707524e+03 7.52141608e+06 
 3.14786677e+03 7.65421199e+06 
 3.22744561e+03 7.78649952e+06 
 3.30574190e+03 7.91815652e+06 
 3.38268937e+03 8.04906122e+06 
 3.45822523e+03 8.17909248e+06 
 3.53229022e+03 8.30813005e+06 
 3.60482865e+03 8.43605498e+06 
 3.67578856e+03 8.56275003e+06 
 3.74512197e+03 8.68810016e+06 
 3.81278503e+03 8.81199301e+06 
 3.87873832e+03 8.93431939e+06 
 3.94294702e+03 9.05497380e+06 
 4.00538118e+03 9.17385489e+06 
 4.06601583e+03 9.29086589e+06 
 4.12483125e+03 9.40591504e+06 
 4.18181300e+03 9.51891598e+06 
 4.23695216e+03 9.62978803e+06 
 4.29024532e+03 9.73845658e+06 
 4.34169473e+03 9.84485327e+06 
 4.39130828e+03 9.94891625e+06 
 4.43909953e+03 1.00505903e+07 
 4.48508765e+03 1.01498271e+07 
 4.52929736e+03 1.02465850e+07 
 4.57175875e+03 1.03408293e+07 
 4.61250716e+03 1.04325321e+07 
 4.65158289e+03 1.05216725e+07 
 4.68903097e+03 1.06082359e+07 
 4.72490081e+03 1.06922145e+07 
 4.75924591e+03 1.07736066e+07 
 4.79212340e+03 1.08524165e+07 
 4.82359372e+03 1.09286546e+07 
 4.85372019e+03 1.10023366e+07 
 4.88256860e+03 1.10734835e+07 
 4.91020681e+03 1.11421212e+07 
 4.93670440e+03 1.12082804e+07 
 4.96213227e+03 1.12719960e+07 
 4.98656235e+03 1.13333067e+07 
 5.01006729e+03 1.13922552e+07 
 5.03272021e+03 1.14488874e+07 
 5.05459449e+03 1.15032523e+07 
 5.07576358e+03 1.15554016e+07 
 5.09630093e+03 1.16053898e+07 
 5.11627989e+03 1.16532734e+07 
 5.13577366e+03 1.16991108e+07 
 5.15485540e+03 1.17429625e+07 
 5.17359821e+03 1.17848903e+07 
 5.19207533e+03 1.18249574e+07 
 5.21036031e+03 1.18632283e+07 
 5.22852721e+03 1.18997684e+07 
 5.24665094e+03 1.19346439e+07 
 5.26480758e+03 1.19679220e+07 
 5.28307482e+03 1.19996703e+07 
 5.30153238e+03 1.20299572e+07 
 5.32026265e+03 1.20588515e+07 
 5.33935122e+03 1.20864229e+07 
 5.35888762e+03 1.21127413e+07 
 5.37896614e+03 1.21378774e+07 
 5.39968666e+03 1.21619029e+07 
 5.42115563e+03 1.21848902e+07 
 5.44348716e+03 1.22069130e+07 
 5.46680414e+03 1.22280462e+07 
 5.49123946e+03 1.22483667e+07 
 5.51693729e+03 1.22679532e+07 
 5.54405436e+03 1.22868871e+07 
 5.57276113e+03 1.23052525e+07 
 5.60324293e+03 1.23231372e+07 
 5.63570089e+03 1.23406329e+07 
 5.67035288e+03 1.23578358e+07 
 5.70743513e+03 1.23748485e+07 
 5.74720679e+03 1.23917830e+07 
 5.78996305e+03 1.24087679e+07 
 5.83607146e+03 1.24259683e+07 
 Species at the stagnation point 
 1.69581860e-02 7.53268131e-01 1.62373151e-02 3.83009307e-06 2.13441213e-01 9.13247861e-05 7.00777365e-11 
 1.61827201e-02 7.53518464e-01 1.62333533e-02 3.84357212e-06 2.13966139e-01 9.54806528e-05 7.03243575e-11 
 1.53969642e-02 7.53775917e-01 1.62159072e-02 3.87974824e-06 2.14500160e-01 1.07171449e-04 7.09862580e-11 
 1.46025314e-02 7.54039600e-01 1.61851523e-02 3.93712373e-06 2.15042294e-01 1.26485012e-04 7.20360352e-11 
 1.38016430e-02 7.54308422e-01 1.61405000e-02 4.01466369e-06 2.15591464e-01 1.53956697e-04 7.34547540e-11 
 1.29969690e-02 7.54581102e-01 1.60808537e-02 4.11167640e-06 2.16146510e-01 1.90453451e-04 7.52297581e-11 
 1.21915058e-02 7.54856160e-01 1.60048039e-02 4.22775320e-06 2.16706200e-01 2.37103093e-04 7.73535706e-11 
 1.13884850e-02 7.55131911e-01 1.59107688e-02 4.36271833e-06 2.17269226e-01 2.95246487e-04 7.98229756e-11 
 1.05912955e-02 7.55406456e-01 1.57971073e-02 4.51659640e-06 2.17834223e-01 3.66401628e-04 8.26384232e-11 
 9.80340679e-03 7.55677678e-01 1.56622209e-02 4.68958921e-06 2.18399771e-01 4.52233341e-04 8.58036060e-11 
 9.02829191e-03 7.55943240e-01 1.55046476e-02 4.88206053e-06 2.18964414e-01 5.54525007e-04 8.93251795e-11 
 8.26934640e-03 7.56200583e-01 1.53231522e-02 5.09452637e-06 2.19526673e-01 6.75150359e-04 9.32125851e-11 
 7.52980407e-03 7.56446940e-01 1.51168123e-02 5.32765011e-06 2.20085071e-01 8.16044379e-04 9.74779603e-11 
 6.81264466e-03 7.56679346e-01 1.48851022e-02 5.58224086e-06 2.20638152e-01 9.79173079e-04 1.02136109e-10 
 6.12049766e-03 7.56894668e-01 1.46279723e-02 5.85925688e-06 2.21184499e-01 1.16650293e-03 1.07204564e-10 
 5.45578190e-03 7.57089567e-01 1.43457665e-02 6.15981077e-06 2.21722734e-01 1.37999038e-03 1.12703683e-10 
 4.82199235e-03 7.57260338e-01 1.40384013e-02 6.48520607e-06 2.22250956e-01 1.62182683e-03 1.18657315e-10 
 4.22432459e-03 7.57402887e-01 1.37049814e-02 6.83695835e-06 2.22766403e-01 1.89456700e-03 1.25093191e-10 
 3.66770966e-03 7.57512955e-01 1.33450929e-02 7.21675186e-06 2.23266379e-01 2.20064647e-03 1.32042127e-10 
 3.15620348e-03 7.57586292e-01 1.29592226e-02 7.62645301e-06 2.23748393e-01 2.54226257e-03 1.39538271e-10 
 2.69276934e-03 7.57618725e-01 1.25489009e-02 8.06811856e-06 2.24210244e-01 2.92129267e-03 1.47619255e-10 
 2.27912278e-03 7.57606243e-01 1.21167766e-02 8.54400850e-06 2.24650087e-01 3.33922646e-03 1.56326430e-10 
 1.91564533e-03 7.57545079e-01 1.16666167e-02 9.05659698e-06 2.25066484e-01 3.79711798e-03 1.65705064e-10 
 1.60138844e-03 7.57431794e-01 1.12032167e-02 9.60858230e-06 2.25458430e-01 4.29556179e-03 1.75804526e-10 
 1.33417087e-03 7.57263357e-01 1.07322246e-02 1.02028939e-05 2.25825349e-01 4.83469514e-03 1.86678416e-10 
 1.11076011e-03 7.57037208e-01 1.02598906e-02 1.08426947e-05 2.26167073e-01 5.41422498e-03 1.98384605e-10 
 9.27118021e-04 7.56751312e-01 9.79276817e-03 1.15313775e-05 2.26483795e-01 6.03347537e-03 2.10985168e-10 
 7.78683345e-04 7.56404196e-01 9.33739327e-03 1.22725523e-05 2.26776006e-01 6.69144899e-03 2.24546158e-10 
 6.60660916e-04 7.55994966e-01 8.89997475e-03 1.30700240e-05 2.27044433e-01 7.38689501e-03 2.39137191e-10 
 5.68288997e-04 7.55523314e-01 8.48612277e-03 1.39277584e-05 2.27289970e-01 8.11837583e-03 2.54830826e-10 
 4.97062232e-04 7.54989506e-01 8.10063623e-03 1.48498345e-05 2.27513619e-01 8.88432642e-03 2.71701697e-10 
 4.42896204e-04 7.54394359e-01 7.74736113e-03 1.58403847e-05 2.27716441e-01 9.68310224e-03 2.89825413e-10 
 4.02228860e-04 7.53739212e-01 7.42912180e-03 1.69035217e-05 2.27899520e-01 1.05130136e-02 3.09277220e-10 
 3.72062428e-04 7.53025887e-01 7.14771903e-03 1.80432534e-05 2.28063941e-01 1.13723467e-02 3.30130452e-10 
 3.49955586e-04 7.52256645e-01 6.90398302e-03 1.92633891e-05 2.28210779e-01 1.22593736e-02 3.52454805e-10 
 3.33979029e-04 7.51434141e-01 6.69786643e-03 2.05674387e-05 2.28341092e-01 1.31723538e-02 3.76314498e-10 
 3.22648360e-04 7.50561376e-01 6.52856218e-03 2.19585082e-05 2.28455925e-01 1.41095294e-02 4.01766360e-10 
 3.14846906e-04 7.49641646e-01 6.39463228e-03 2.34391966e-05 2.28556316e-01 1.50691194e-02 4.28857945e-10 
 3.09748459e-04 7.48678496e-01 6.29413729e-03 2.50114967e-05 2.28643294e-01 1.60493121e-02 4.57625714e-10 
 3.06746827e-04 7.47675671e-01 6.22475850e-03 2.66767053e-05 2.28717886e-01 1.70482597e-02 4.88093394e-10 
 3.05396095e-04 7.46637070e-01 6.18390874e-03 2.84353452e-05 2.28781114e-01 1.80640749e-02 5.20270550e-10 
 3.05362999e-04 7.45566699e-01 6.16882965e-03 3.02871034e-05 2.28833991e-01 1.90948294e-02 5.54151455e-10 
 3.06391076e-04 7.44468628e-01 6.17667519e-03 3.22307880e-05 2.28877519e-01 2.01385550e-02 5.89714304e-10 
 3.08275124e-04 7.43346954e-01 6.20458236e-03 3.42643058e-05 2.28912678e-01 2.11932461e-02 6.26920795e-10 
 3.10844063e-04 7.42205760e-01 6.24973020e-03 3.63846613e-05 2.28940417e-01 2.22568640e-02 6.65716121e-10 
 3.13950149e-04 7.41049083e-01 6.30938868e-03 3.85879782e-05 2.28961648e-01 2.33273415e-02 7.06029362e-10 
 3.17462745e-04 7.39880884e-01 6.38095864e-03 4.08695428e-05 2.28977236e-01 2.44025881e-02 7.47774270e-10 
 3.21265104e-04 7.38705023e-01 6.46200371e-03 4.32238666e-05 2.28987988e-01 2.54804959e-02 7.90850424e-10 
 3.25253024e-04 7.37525233e-01 6.55027523e-03 4.56447679e-05 2.28994648e-01 2.65589447e-02 8.35144722e-10 
 3.29334509e-04 7.36345109e-01 6.64373054e-03 4.81254680e-05 2.28997892e-01 2.76358080e-02 8.80533137e-10 
 3.33429887e-04 7.35168085e-01 6.74054527e-03 5.06586998e-05 2.28998322e-01 2.87089585e-02 9.26882701e-10 
 3.37472000e-04 7.33997433e-01 6.83912005e-03 5.32368240e-05 2.28996464e-01 2.97762735e-02 9.74053646e-10 
 3.41406283e-04 7.32836249e-01 6.93808204e-03 5.58519511e-05 2.28992769e-01 3.08356410e-02 1.02190162e-09 
 3.45190606e-04 7.31687455e-01 7.03628186e-03 5.84960635e-05 2.28987610e-01 3.18849651e-02 1.07027993e-09 
 3.48794875e-04 7.30553794e-01 7.13278640e-03 6.11611358e-05 2.28981290e-01 3.29221724e-02 1.11904172e-09 
 3.52200382e-04 7.29437834e-01 7.22686813e-03 6.38392489e-05 2.28974039e-01 3.39452178e-02 1.16804213e-09 
 3.55398958e-04 7.28341971e-01 7.31799159e-03 6.65226966e-05 2.28966024e-01 3.49520908e-02 1.21714014e-09 
 3.58391977e-04 7.27268432e-01 7.40579767e-03 6.92040811e-05 2.28957352e-01 3.59408214e-02 1.26620039e-09 
 3.61189256e-04 7.26219285e-01 7.49008638e-03 7.18763967e-05 2.28948075e-01 3.69094866e-02 1.31509472e-09 
 3.63807922e-04 7.25196445e-01 7.57079873e-03 7.45330996e-05 2.28938199e-01 3.78562153e-02 1.36370339e-09 
 3.66271272e-04 7.24201679e-01 7.64799821e-03 7.71681645e-05 2.28927688e-01 3.87791945e-02 1.41191616e-09 
 3.68607681e-04 7.23236617e-01 7.72185255e-03 7.97761260e-05 2.28916471e-01 3.96766734e-02 1.45963302e-09 
 3.70849581e-04 7.22302762e-01 7.79261600e-03 8.23521065e-05 2.28904451e-01 4.05469682e-02 1.50676475e-09 
 3.73032541e-04 7.21401492e-01 7.86061249e-03 8.48918301e-05 2.28891505e-01 4.13884645e-02 1.55323309e-09 
 3.75194452e-04 7.20534079e-01 7.92622000e-03 8.73916239e-05 2.28877493e-01 4.21996205e-02 1.59897086e-09 
 3.77374835e-04 7.19701687e-01 7.98985611e-03 8.98484063e-05 2.28862265e-01 4.29789677e-02 1.64392166e-09 
 3.79614264e-04 7.18905388e-01 8.05196497e-03 9.22596641e-05 2.28845660e-01 4.37251113e-02 1.68803951e-09 
 3.81953912e-04 7.18146173e-01 8.11300546e-03 9.46234188e-05 2.28827514e-01 4.44367288e-02 1.73128822e-09 
 3.84435197e-04 7.17424954e-01 8.17344058e-03 9.69381819e-05 2.28807663e-01 4.51125680e-02 1.77364055e-09 
 3.87099525e-04 7.16742581e-01 8.23372785e-03 9.92029005e-05 2.28785944e-01 4.57514431e-02 1.81507723e-09 
 3.89988124e-04 7.16099854e-01 8.29431051e-03 1.01416891e-04 2.28762199e-01 4.63522296e-02 1.85558577e-09 
 3.93141930e-04 7.15497529e-01 8.35560929e-03 1.03579764e-04 2.28736281e-01 4.69138576e-02 1.89515901e-09 
 3.96601536e-04 7.14936337e-01 8.41801436e-03 1.05691331e-04 2.28708049e-01 4.74353045e-02 1.93379354e-09 
 4.00407164e-04 7.14416998e-01 8.48187717e-03 1.07751502e-04 2.28677379e-01 4.79155846e-02 1.97148770e-09 
 4.04598650e-04 7.13940237e-01 8.54750185e-03 1.09760161e-04 2.28644161e-01 4.83537392e-02 2.00823935e-09 
 4.09215419e-04 7.13506801e-01 8.61513553e-03 1.11717016e-04 2.28608306e-01 4.87488232e-02 2.04404317e-09 
 4.14296425e-04 7.13117485e-01 8.68495741e-03 1.13621426e-04 2.28569746e-01 4.90998916e-02 2.07888742e-09 
 4.19880017e-04 7.12773152e-01 8.75706566e-03 1.15472184e-04 2.28528445e-01 4.94059831e-02 2.11275004e-09 
 4.26003716e-04 7.12474764e-01 8.83146185e-03 1.17267256e-04 2.28484399e-01 4.96661026e-02 2.14559378e-09 
 4.32703834e-04 7.12223412e-01 8.90803199e-03 1.19003457e-04 2.28437646e-01 4.98792015e-02 2.17736039e-09 
 4.40014897e-04 7.12020352e-01 8.98652340e-03 1.20676048e-04 2.28388276e-01 5.00441554e-02 2.20796312e-09 
 4.47968792e-04 7.11867053e-01 9.06651654e-03 1.22278231e-04 2.28336442e-01 5.01597397e-02 2.23727765e-09 
 4.56593534e-04 7.11765236e-01 9.14739041e-03 1.23800525e-04 2.28282374e-01 5.02246031e-02 2.26513048e-09 
 4.65911522e-04 7.11716940e-01 9.22828049e-03 1.25229968e-04 2.28226399e-01 5.02372368e-02 2.29128444e-09 
 4.75937104e-04 7.11724583e-01 9.30802734e-03 1.26549126e-04 2.28168959e-01 5.01959419e-02 2.31542058e-09 
 4.86673177e-04 7.11791040e-01 9.38511408e-03 1.27734847e-04 2.28110643e-01 5.00987926e-02 2.33711525e-09 
 4.98106431e-04 7.11919729e-01 9.45759042e-03 1.28756693e-04 2.28052220e-01 4.99435954e-02 2.35581157e-09 
 5.10200665e-04 7.12114718e-01 9.52298063e-03 1.29575001e-04 2.27994679e-01 4.97278443e-02 2.37078384e-09 
 5.22887185e-04 7.12380844e-01 9.57817204e-03 1.30138471e-04 2.27939283e-01 4.94486720e-02 2.38109343e-09 
 5.36050645e-04 7.12723853e-01 9.61928084e-03 1.30381213e-04 2.27887636e-01 4.91027959e-02 2.38553479e-09 
 5.49507186e-04 7.13150562e-01 9.64149136e-03 1.30219171e-04 2.27841759e-01 4.86864594e-02 2.38256997e-09 
 5.62968544e-04 7.13669052e-01 9.63886672e-03 1.29545868e-04 2.27804197e-01 4.81953672e-02 2.37025081e-09 
 5.75978521e-04 7.14288893e-01 9.60413293e-03 1.28227473e-04 2.27778152e-01 4.76246138e-02 2.34612865e-09 
 5.87791199e-04 7.15021403e-01 9.52845198e-03 1.26097271e-04 2.27767657e-01 4.69685975e-02 2.30715316e-09 
 5.97120200e-04 7.15879956e-01 9.40123405e-03 1.22949820e-04 2.27777831e-01 4.62209067e-02 2.24956546e-09 
 6.01591920e-04 7.16880352e-01 9.21012828e-03 1.18535273e-04 2.27815255e-01 4.53741352e-02 2.16879420e-09 
 5.96506237e-04 7.18041251e-01 8.94155172e-03 1.12554889e-04 2.27888607e-01 4.44195265e-02 2.05937341e-09 
 5.72008613e-04 7.19384698e-01 8.58261592e-03 1.04658808e-04 2.28009823e-01 4.33461945e-02 1.91490186e-09 
 5.06786604e-04 7.20936686e-01 8.12634082e-03 9.44489783e-05 2.28196429e-01 4.21393076e-02 1.72809655e-09 
 3.53480197e-04 7.22727938e-01 7.58486464e-03 8.14884477e-05 2.28476293e-01 4.07759335e-02 1.49096271e-09 
