 T, h at the stagnation point 
 7.50000000e+02 4.30127479e+06 
 8.31124324e+02 4.39692479e+06 
 9.11527720e+02 4.49461523e+06 
 9.91369508e+02 4.59422321e+06 
 1.07077323e+03 4.69563481e+06 
 1.14983984e+03 4.79874418e+06 
 1.22864952e+03 4.90345313e+06 
 1.30726441e+03 5.00966934e+06 
 1.38573092e+03 5.11730486e+06 
 1.46408182e+03 5.22627479e+06 
 1.54233785e+03 5.33649607e+06 
 1.62050923e+03 5.44788654e+06 
 1.69859676e+03 5.56036397e+06 
 1.77659275e+03 5.67384533e+06 
 1.85448160e+03 5.78824655e+06 
 1.93224128e+03 5.90348183e+06 
 2.00983368e+03 6.01944989e+06 
 2.08715576e+03 6.13604802e+06 
 2.16426649e+03 6.25320048e+06 
 2.24114298e+03 6.37082884e+06 
 2.31775636e+03 6.48883809e+06 
 2.39407190e+03 6.60713162e+06 
 2.47004885e+03 6.72560917e+06 
 2.54564142e+03 6.84416683e+06 
 2.62079928e+03 6.96269734e+06 
 2.69546816e+03 7.08109026e+06 
 2.76959030e+03 7.19923230e+06 
 2.84310497e+03 7.31700762e+06 
 2.91594897e+03 7.43429819e+06 
 2.98805710e+03 7.55098429e+06 
 3.05936267e+03 7.66694490e+06 
 3.12979800e+03 7.78205824e+06 
 3.19929493e+03 7.89620230e+06 
 3.26778530e+03 8.00925545e+06 
 3.33520148e+03 8.12109694e+06 
 3.40147687e+03 8.23160761e+06 
 3.46654638e+03 8.34067042e+06 
 3.53034690e+03 8.44817113e+06 
 3.59281779e+03 8.55399885e+06 
 3.65390130e+03 8.65804670e+06 
 3.71354297e+03 8.76021232e+06 
 3.77169205e+03 8.86039847e+06 
 3.82830182e+03 8.95851353e+06 
 3.88332989e+03 9.05447197e+06 
 3.93673852e+03 9.14819478e+06 
 3.98849481e+03 9.23960983e+06 
 4.03857090e+03 9.32865226e+06 
 4.08694411e+03 9.41526468e+06 
 4.13359707e+03 9.49939741e+06 
 4.17851775e+03 9.58100864e+06 
 4.22169947e+03 9.66006449e+06 
 4.26314094e+03 9.73653907e+06 
 4.30284609e+03 9.81041444e+06 
 4.34082407e+03 9.88168051e+06 
 4.37708904e+03 9.95033488e+06 
 4.41165998e+03 1.00163827e+07 
 4.44456054e+03 1.00798363e+07 
 4.47581872e+03 1.01407150e+07 
 4.50546662e+03 1.01990448e+07 
 4.53354012e+03 1.02548579e+07 
 4.56007855e+03 1.03081923e+07 
 4.58512435e+03 1.03590914e+07 
 4.60872270e+03 1.04076035e+07 
 4.63092112e+03 1.04537815e+07 
 4.65176912e+03 1.04976821e+07 
 4.67131780e+03 1.05393658e+07 
 4.68961949e+03 1.05788959e+07 
 4.70672736e+03 1.06163382e+07 
 4.72269510e+03 1.06517607e+07 
 4.73757655e+03 1.06852331e+07 
 4.75142541e+03 1.07168263e+07 
 4.76429495e+03 1.07466119e+07 
 4.77623771e+03 1.07746619e+07 
 4.78730532e+03 1.08010485e+07 
 4.79754824e+03 1.08258436e+07 
 4.80701560e+03 1.08491184e+07 
 4.81575502e+03 1.08709435e+07 
 4.82381253e+03 1.08913883e+07 
 4.83123240e+03 1.09105207e+07 
 4.83805710e+03 1.09284073e+07 
 4.84432727e+03 1.09451131e+07 
 4.85008159e+03 1.09607011e+07 
 4.85535688e+03 1.09752325e+07 
 4.86018799e+03 1.09887665e+07 
 4.86460790e+03 1.10013602e+07 
 4.86864768e+03 1.10130684e+07 
 4.87233658e+03 1.10239439e+07 
 4.87570203e+03 1.10340373e+07 
 4.87876974e+03 1.10433969e+07 
 4.88156372e+03 1.10520689e+07 
 4.88410637e+03 1.10600972e+07 
 4.88641856e+03 1.10675237e+07 
 4.88851965e+03 1.10743880e+07 
 4.89042763e+03 1.10807278e+07 
 4.89215914e+03 1.10865786e+07 
 4.89372957e+03 1.10919742e+07 
 4.89515313e+03 1.10969462e+07 
 4.89644293e+03 1.11015246e+07 
 4.89761100e+03 1.11057376e+07 
 4.89866844e+03 1.11096115e+07 
 Species at the stagnation point 
 2.00304421e-04 7.19290484e-01 7.70853961e-02 1.18370650e-07 1.98237308e-01 5.18638899e-03 2.16578215e-12 
 1.95951540e-04 7.19325007e-01 7.69546623e-02 1.18732465e-07 1.98292064e-01 5.23219595e-03 2.17240214e-12 
 1.92454918e-04 7.19388822e-01 7.67092225e-02 1.19644263e-07 1.98391251e-01 5.31812982e-03 2.18908496e-12 
 1.87442519e-04 7.19479019e-01 7.63651786e-02 1.20976603e-07 1.98529820e-01 5.43841871e-03 2.21346228e-12 
 1.81483783e-04 7.19593174e-01 7.59326410e-02 1.22657246e-07 1.98703087e-01 5.58949099e-03 2.24421235e-12 
 1.74831100e-04 7.19729338e-01 7.54197276e-02 1.24634990e-07 1.98907549e-01 5.76842931e-03 2.28039836e-12 
 1.67715116e-04 7.19885903e-01 7.48329640e-02 1.26871924e-07 1.99140341e-01 5.97295043e-03 2.32132669e-12 
 1.60325763e-04 7.20061488e-01 7.41777338e-02 1.29339787e-07 1.99399121e-01 6.20120143e-03 2.36648023e-12 
 1.52816285e-04 7.20254885e-01 7.34585753e-02 1.32021305e-07 1.99681937e-01 6.45165405e-03 2.41554292e-12 
 1.45307461e-04 7.20465005e-01 7.26793937e-02 1.34916858e-07 1.99987131e-01 6.72302777e-03 2.46852174e-12 
 1.37892187e-04 7.20690843e-01 7.18436160e-02 1.38061664e-07 2.00313276e-01 7.01423401e-03 2.52606104e-12 
 1.30639970e-04 7.20931454e-01 7.09543068e-02 1.41567318e-07 2.00659122e-01 7.32433503e-03 2.59020265e-12 
 1.23601002e-04 7.21185927e-01 7.00142559e-02 1.45713486e-07 2.01023558e-01 7.65251260e-03 2.66606349e-12 
 1.16811561e-04 7.21453365e-01 6.90260454e-02 1.51175192e-07 2.01405583e-01 7.99804354e-03 2.76599422e-12 
 1.10293349e-04 7.21732884e-01 6.79921064e-02 1.59469607e-07 2.01804234e-01 8.36032307e-03 2.91775393e-12 
 1.04041594e-04 7.22023660e-01 6.69147677e-02 1.74240093e-07 2.02218527e-01 8.73882972e-03 3.18800382e-12 
 1.02338199e-04 7.22324173e-01 6.57922370e-02 2.02578010e-07 2.02647685e-01 9.13336515e-03 3.70649176e-12 
 1.28859973e-04 7.22632733e-01 6.46048124e-02 2.59589802e-07 2.03081176e-01 9.55215887e-03 4.74961455e-12 
 1.59345872e-04 7.22948825e-01 6.33787097e-02 3.42325246e-07 2.03527742e-01 9.98503516e-03 6.26339307e-12 
 1.93118650e-04 7.23271701e-01 6.21179609e-02 4.52333492e-07 2.03984811e-01 1.04319559e-02 8.27617154e-12 
 2.29967508e-04 7.23600071e-01 6.08259228e-02 5.92306164e-07 2.04451694e-01 1.08917524e-02 1.08371976e-11 
 2.69519440e-04 7.23932811e-01 5.95059536e-02 7.66272381e-07 2.04927464e-01 1.13634857e-02 1.40201904e-11 
 3.11345472e-04 7.24268793e-01 5.81613503e-02 9.78819350e-07 2.05411272e-01 1.18462598e-02 1.79090803e-11 
 3.54966308e-04 7.24606899e-01 5.67953700e-02 1.23481472e-06 2.05902328e-01 1.23392016e-02 2.25929289e-11 
 3.99867715e-04 7.24946014e-01 5.54112360e-02 1.53921218e-06 2.06399883e-01 1.28414600e-02 2.81623718e-11 
 4.45515405e-04 7.25285021e-01 5.40121394e-02 1.89693601e-06 2.06903225e-01 1.33522026e-02 3.47075069e-11 
 4.91369068e-04 7.25622804e-01 5.26012373e-02 2.31278361e-06 2.07411663e-01 1.38706140e-02 4.23161102e-11 
 5.36895239e-04 7.25958244e-01 5.11816484e-02 2.79133414e-06 2.07924526e-01 1.43958950e-02 5.10719648e-11 
 5.81578764e-04 7.26290225e-01 4.97564478e-02 3.33685939e-06 2.08441150e-01 1.49272623e-02 6.10532300e-11 
 6.24932720e-04 7.26617629e-01 4.83286594e-02 3.95323803e-06 2.08960877e-01 1.54639479e-02 7.23308723e-11 
 6.66506722e-04 7.26939348e-01 4.69012490e-02 4.64387500e-06 2.09483053e-01 1.60051998e-02 8.49671908e-11 
 7.05893605e-04 7.27254277e-01 4.54771161e-02 5.41162810e-06 2.10007020e-01 1.65502817e-02 9.90144733e-11 
 7.42734512e-04 7.27561330e-01 4.40590861e-02 6.25874322e-06 2.10532117e-01 1.70984736e-02 1.14513812e-10 
 7.76722475e-04 7.27859434e-01 4.26499028e-02 7.18679992e-06 2.11057682e-01 1.76490716e-02 1.31494108e-10 
 8.07604574e-04 7.28147543e-01 4.12522203e-02 8.19666837e-06 2.11583046e-01 1.82013885e-02 1.49971281e-10 
 8.35182789e-04 7.28424641e-01 3.98685964e-02 9.28847863e-06 2.12107538e-01 1.87547539e-02 1.69947713e-10 
 8.59313688e-04 7.28689743e-01 3.85014853e-02 1.04616028e-05 2.12630482e-01 1.93085141e-02 1.91411914e-10 
 8.79907076e-04 7.28941912e-01 3.71532311e-02 1.17146502e-05 2.13151202e-01 1.98620326e-02 2.14338439e-10 
 8.96923736e-04 7.29180255e-01 3.58260618e-02 1.30454759e-05 2.13669024e-01 2.04146901e-02 2.38688045e-10 
 9.10372426e-04 7.29403934e-01 3.45220835e-02 1.44512016e-05 2.14183275e-01 2.09658842e-02 2.64408065e-10 
 9.20306246e-04 7.29612173e-01 3.32432752e-02 1.59282486e-05 2.14693286e-01 2.15150303e-02 2.91433024e-10 
 9.26818515e-04 7.29804264e-01 3.19914834e-02 1.74723819e-05 2.15198400e-01 2.20615611e-02 3.19685437e-10 
 9.30038300e-04 7.29979569e-01 3.07684178e-02 1.90787648e-05 2.15697969e-01 2.26049270e-02 3.49076805e-10 
 9.30125692e-04 7.30137531e-01 2.95756471e-02 2.07420206e-05 2.16191358e-01 2.31445960e-02 3.79508756e-10 
 9.27266965e-04 7.30277674e-01 2.84145951e-02 2.24563033e-05 2.16677953e-01 2.36800542e-02 4.10874325e-10 
 9.21669708e-04 7.30399613e-01 2.72865373e-02 2.42153725e-05 2.17157159e-01 2.42108055e-02 4.43059335e-10 
 9.13558029e-04 7.30503054e-01 2.61925984e-02 2.60126726e-05 2.17628404e-01 2.47363718e-02 4.75943843e-10 
 9.03167914e-04 7.30587799e-01 2.51337504e-02 2.78414150e-05 2.18091148e-01 2.52562929e-02 5.09403639e-10 
 8.90742811e-04 7.30653749e-01 2.41108106e-02 2.96946601e-05 2.18544876e-01 2.57701263e-02 5.43311748e-10 
 8.76529497e-04 7.30700905e-01 2.31244417e-02 3.15653987e-05 2.18989111e-01 2.62774474e-02 5.77539932e-10 
 8.60774286e-04 7.30729370e-01 2.21751519e-02 3.34466321e-05 2.19423408e-01 2.67778487e-02 6.11960135e-10 
 8.43719605e-04 7.30739349e-01 2.12632960e-02 3.53314477e-05 2.19847364e-01 2.72709397e-02 6.46445878e-10 
 8.25600973e-04 7.30731148e-01 2.03890784e-02 3.72130901e-05 2.20260612e-01 2.77563468e-02 6.80873565e-10 
 8.06644394e-04 7.30705170e-01 1.95525556e-02 3.90850276e-05 2.20662831e-01 2.82337126e-02 7.15123683e-10 
 7.87064169e-04 7.30661917e-01 1.87536416e-02 4.09410107e-05 2.21053740e-01 2.87026959e-02 7.49081890e-10 
 7.67061134e-04 7.30601979e-01 1.79921124e-02 4.27751249e-05 2.21433101e-01 2.91629711e-02 7.82639972e-10 
 7.46821301e-04 7.30526034e-01 1.72676132e-02 4.45818355e-05 2.21800720e-01 2.96142286e-02 8.15696659e-10 
 7.26514886e-04 7.30434841e-01 1.65796653e-02 4.63560240e-05 2.22156448e-01 3.00561745e-02 8.48158303e-10 
 7.06295706e-04 7.30329229e-01 1.59276744e-02 4.80930179e-05 2.22500177e-01 3.04885309e-02 8.79939409e-10 
 6.86300912e-04 7.30210093e-01 1.53109393e-02 4.97886111e-05 2.22831841e-01 3.09110364e-02 9.10963025e-10 
 6.66651021e-04 7.30078384e-01 1.47286616e-02 5.14390782e-05 2.23151416e-01 3.13234465e-02 9.41160984e-10 
 6.47450212e-04 7.29935100e-01 1.41799552e-02 5.30411800e-05 2.23458917e-01 3.17255349e-02 9.70474025e-10 
 6.28786860e-04 7.29781275e-01 1.36638563e-02 5.45921637e-05 2.23754395e-01 3.21170939e-02 9.98851775e-10 
 6.10734247e-04 7.29617969e-01 1.31793340e-02 5.60897552e-05 2.24037936e-01 3.24979358e-02 1.02625263e-09 
 5.93351434e-04 7.29446259e-01 1.27253003e-02 5.75321468e-05 2.24309662e-01 3.28678939e-02 1.05264351e-09 
 5.76684246e-04 7.29267230e-01 1.23006205e-02 5.89179801e-05 2.24569722e-01 3.32268240e-02 1.07799957e-09 
 5.60766341e-04 7.29081963e-01 1.19041225e-02 6.02463237e-05 2.24818296e-01 3.35746053e-02 1.10230376e-09 
 5.45620328e-04 7.28891526e-01 1.15346072e-02 6.15166482e-05 2.25055588e-01 3.39111415e-02 1.12554640e-09 
 5.31258902e-04 7.28696967e-01 1.11908569e-02 6.27287983e-05 2.25281826e-01 3.42363621e-02 1.14772464e-09 
 5.17685986e-04 7.28499305e-01 1.08716441e-02 6.38829627e-05 2.25497258e-01 3.45502229e-02 1.16884194e-09 
 5.04897845e-04 7.28299523e-01 1.05757400e-02 6.49796431e-05 2.25702152e-01 3.48527069e-02 1.18890748e-09 
 4.92884151e-04 7.28098561e-01 1.03019212e-02 6.60196217e-05 2.25896789e-01 3.51438242e-02 1.20793557e-09 
 4.81629008e-04 7.27897311e-01 1.00489771e-02 6.70039295e-05 2.26081465e-01 3.54236128e-02 1.22594507e-09 
 4.71111901e-04 7.27696612e-01 9.81571565e-03 6.79338145e-05 2.26256487e-01 3.56921378e-02 1.24295882e-09 
 4.61308571e-04 7.27497248e-01 9.60096903e-03 6.88107106e-05 2.26422171e-01 3.59494916e-02 1.25900305e-09 
 4.52191823e-04 7.27299943e-01 9.40359820e-03 6.96362080e-05 2.26578837e-01 3.61957924e-02 1.27410685e-09 
 4.43732247e-04 7.27105359e-01 9.22249711e-03 7.04120250e-05 2.26726815e-01 3.64311841e-02 1.28830168e-09 
 4.35898859e-04 7.26914097e-01 9.05659613e-03 7.11399815e-05 2.26866432e-01 3.66558345e-02 1.30162082e-09 
 4.28659671e-04 7.26726696e-01 8.90486491e-03 7.18219745e-05 2.26998022e-01 3.68699342e-02 1.31409898e-09 
 4.21982182e-04 7.26543633e-01 8.76631460e-03 7.24599552e-05 2.27121914e-01 3.70736947e-02 1.32577187e-09 
 4.15833796e-04 7.26365323e-01 8.63999953e-03 7.30559090e-05 2.27238439e-01 3.72673473e-02 1.33667580e-09 
 4.10182185e-04 7.26192124e-01 8.52501845e-03 7.36118364e-05 2.27347922e-01 3.74511405e-02 1.34684740e-09 
 4.04995581e-04 7.26024334e-01 8.42051521e-03 7.41297374e-05 2.27450686e-01 3.76253385e-02 1.35632323e-09 
 4.00243016e-04 7.25862198e-01 8.32567907e-03 7.46115965e-05 2.27547047e-01 3.77902192e-02 1.36513962e-09 
 3.95894517e-04 7.25705911e-01 8.23974461e-03 7.50593705e-05 2.27637317e-01 3.79460720e-02 1.37333237e-09 
 3.91921256e-04 7.25555615e-01 8.16199128e-03 7.54749780e-05 2.27721800e-01 3.80931960e-02 1.38093658e-09 
 3.88295655e-04 7.25411411e-01 8.09174273e-03 7.58602900e-05 2.27800791e-01 3.82318978e-02 1.38798648e-09 
 3.84991468e-04 7.25273354e-01 8.02836578e-03 7.62171231e-05 2.27874580e-01 3.83624901e-02 1.39451532e-09 
 3.81983826e-04 7.25141464e-01 7.97126926e-03 7.65472334e-05 2.27943445e-01 3.84852890e-02 1.40055522e-09 
 3.79249263e-04 7.25015724e-01 7.91990259e-03 7.68523118e-05 2.28007658e-01 3.86006130e-02 1.40613712e-09 
 3.76765718e-04 7.24896085e-01 7.87375434e-03 7.71339806e-05 2.28067478e-01 3.87087813e-02 1.41129071e-09 
 3.74512523e-04 7.24782471e-01 7.83235050e-03 7.73937910e-05 2.28123159e-01 3.88101116e-02 1.41604436e-09 
 3.72470377e-04 7.24674781e-01 7.79525286e-03 7.76332223e-05 2.28174941e-01 3.89049196e-02 1.42042514e-09 
 3.70621305e-04 7.24572892e-01 7.76205716e-03 7.78536804e-05 2.28223057e-01 3.89935170e-02 1.42445878e-09 
 3.68948614e-04 7.24476663e-01 7.73239132e-03 7.80564985e-05 2.28267729e-01 3.90762107e-02 1.42816966e-09 
 3.67436840e-04 7.24385935e-01 7.70591362e-03 7.82429374e-05 2.28309168e-01 3.91533017e-02 1.43158086e-09 
 3.66071692e-04 7.24300540e-01 7.68231088e-03 7.84141867e-05 2.28347578e-01 3.92250842e-02 1.43471415e-09 
 3.64839991e-04 7.24220294e-01 7.66129665e-03 7.85713675e-05 2.28383151e-01 3.92918447e-02 1.43759002e-09 
 3.63729608e-04 7.24145011e-01 7.64260957e-03 7.87155235e-05 2.28416072e-01 3.93538616e-02 1.44022759e-09 
 3.62729418e-04 7.24074493e-01 7.62601156e-03 7.88477388e-05 2.28446512e-01 3.94114042e-02 1.44264668e-09 
